stop_id,stop_name,stop_lat,stop_lon
1,parada1,-7.131017557133953,-34.903586006705353
2,parada2,-7.131146956726324,-34.903381045191189
3,parada3,-7.161646486314585,-34.903954296674890
4,parada4,-7.161578787914359,-34.903698457206133
5,parada5,-7.164000563873256,-34.900966212947132
6,parada6,-7.165975243002549,-34.889234400387593
7,parada7,-7.165708403251983,-34.889221143978119
8,parada8,-7.168096202016376,-34.884848037597088
9,parada9,-7.167292499467495,-34.885995959309177
10,parada10,-7.169427491276680,-34.876702040768947
11,parada11,-7.169434738824943,-34.878351413749812
12,parada12,-7.168945332227618,-34.880373805521828
13,parada13,-7.160623807188729,-34.817181117071527
14,parada14,-7.163386942210090,-34.831163363303169
15,parada15,-7.164179120073110,-34.848746931858322
16,parada16,-7.167317511615155,-34.852986344240158
17,parada17,-7.169142141859385,-34.855974484561813
18,parada18,-7.167608526767473,-34.858578348966461
19,parada19,-7.168128218292118,-34.897028896748310
20,parada20,-7.168573713533865,-34.896676551430637
21,parada21,-7.174530465253017,-34.898538160571739
22,parada22,-7.182627519592002,-34.901055410434601
23,parada23,-7.189931082813761,-34.903422499878673
24,parada24,-7.193782121104300,-34.904704900796588
25,parada25,-7.195792277267950,-34.905344297221298
26,parada26,-7.200428509612273,-34.907122497313829
27,parada27,-7.195936589079002,-34.905583566325511
28,parada28,-7.193402041454735,-34.904757849605318
29,parada29,-7.189793268563755,-34.903601331354928
30,parada30,-7.183188286821682,-34.901455716947687
31,parada31,-7.174136564095206,-34.898639552780431
32,parada32,-7.166826962712642,-34.828202722986582
33,parada33,-7.165957720628216,-34.828024950683137
34,parada34,-7.161603171210068,-34.822675523264387
35,parada35,-7.161045808913755,-34.801604136556428
36,parada36,-7.160391380053255,-34.817434562987621
37,parada37,-7.162897607386286,-34.832626245804420
38,parada38,-7.161845270138187,-34.837351354561591
39,parada39,-7.163927905724594,-34.848812355094211
40,parada40,-7.165468811216653,-34.861892374855458
41,parada41,-7.128539965714499,-34.827526323269232
42,parada42,-7.140073398862466,-34.819099161302518
43,parada43,-7.143225686423924,-34.816360463094327
44,parada44,-7.146763897707655,-34.808711852627248
45,parada45,-7.146433323393149,-34.801954603340278
46,parada46,-7.150166488353357,-34.797188345460647
47,parada47,-7.155898356532991,-34.797295995550733
48,parada48,-7.162444360687680,-34.800712368020477
49,parada49,-7.164351753366757,-34.800776831948014
50,parada50,-7.170472184693335,-34.801135464405178
51,parada51,-7.198954898542585,-34.811360328371563
52,parada52,-7.198348973424588,-34.815634426020459
53,parada53,-7.197467075986219,-34.817454874529169
54,parada54,-7.196899229071769,-34.820668620453468
55,parada55,-7.197570978476033,-34.817430373619430
56,parada56,-7.198424615403969,-34.815670668297237
57,parada57,-7.198959466905444,-34.811958171475489
58,parada58,-7.201042451667583,-34.804372926396617
59,parada59,-7.170348735172356,-34.800861087463709
60,parada60,-7.163779780737853,-34.800521230248691
61,parada61,-7.162450482717039,-34.800446525624487
62,parada62,-7.155936331862046,-34.797057266565083
63,parada63,-7.150650910801020,-34.796634050756971
64,parada64,-7.146356699746015,-34.800831492120388
65,parada65,-7.146686933880164,-34.809033970295367
66,parada66,-7.146152476489618,-34.811500987872307
67,parada67,-7.146431084840631,-34.811664120519097
68,parada68,-7.143195901733513,-34.816317347729367
69,parada69,-7.140680593874478,-34.815983734204131
70,parada70,-7.143666973093694,-34.816453624348213
71,parada71,-7.148455297412868,-34.820323193872653
72,parada72,-7.149895901931840,-34.821437847213083
73,parada73,-7.157670098714167,-34.821919245963038
74,parada74,-7.160157785396372,-34.821823739115089
75,parada75,-7.210671200002396,-34.878541280043791
76,parada76,-7.210591218925676,-34.878659757654319
77,parada77,-7.208214836560845,-34.880006254063133
78,parada78,-7.206682990205255,-34.881550194753842
79,parada79,-7.205019762300223,-34.883200244713848
80,parada80,-7.203459951282566,-34.884703980003522
81,parada81,-7.201180719954314,-34.885252681543690
82,parada82,-7.198386336494779,-34.884935883350778
83,parada83,-7.195524734285654,-34.884592968039563
84,parada84,-7.193467244621767,-34.884534027329700
85,parada85,-7.193658743910268,-34.886334763967199
86,parada86,-7.196141913654869,-34.886701574609660
87,parada87,-7.199893067527085,-34.887057084898061
88,parada88,-7.198718847448792,-34.888770881451300
89,parada89,-7.185738507636321,-34.891736497823267
90,parada90,-7.182748023181272,-34.892505674074677
91,parada91,-7.178115328537040,-34.893763631802869
92,parada92,-7.206880569705004,-34.833024892626099
93,parada93,-7.205159234147409,-34.833602825270333
94,parada94,-7.203025294803111,-34.834409171048193
95,parada95,-7.201242313567883,-34.835108190438440
96,parada96,-7.198571410429716,-34.834461188623287
97,parada97,-7.198567976746231,-34.833902759542852
98,parada98,-7.200530819554051,-34.833305554787252
99,parada99,-7.202567551016521,-34.832701501753007
100,parada100,-7.206043114498828,-34.831742379087309
101,parada101,-7.205615601160326,-34.831742280369383
102,parada102,-7.203080532005008,-34.832658380750708
103,parada103,-7.200999470751435,-34.833309504880233
104,parada104,-7.199042383793852,-34.833857178674577
105,parada105,-7.198570992768984,-34.834325451716957
106,parada106,-7.200913936248586,-34.835187850942333
107,parada107,-7.112651389369626,-34.834324853223968
108,parada108,-7.111097881856489,-34.836814860785061
109,parada109,-7.107385661362521,-34.840886884569457
110,parada110,-7.105033050412877,-34.842973135918783
111,parada111,-7.107238558876895,-34.840958037545633
112,parada112,-7.109258983480777,-34.838902493851762
113,parada113,-7.110671084702459,-34.837340224746022
114,parada114,-7.112546330782703,-34.834440566575353
115,parada115,-7.207947894929905,-34.827633142344510
116,parada116,-7.237037627514512,-34.805523902291661
117,parada117,-7.232199030556060,-34.808436915201973
118,parada118,-7.230196106454193,-34.806522792887883
119,parada119,-7.217210181319247,-34.804509191557223
120,parada120,-7.217785672441079,-34.810192870604133
121,parada121,-7.224731293330263,-34.817201506323507
122,parada122,-7.223567233452948,-34.823897472193153
123,parada123,-7.219148533144358,-34.834568808987271
124,parada124,-7.216803826638431,-34.837805211750791
125,parada125,-7.214210412214019,-34.840043046976440
126,parada126,-7.212519073425565,-34.841440819368991
127,parada127,-7.216684495692048,-34.846125120220201
128,parada128,-7.218195726830929,-34.846089567907633
129,parada129,-7.216789186767628,-34.846245494256692
130,parada130,-7.212419217076031,-34.850233866548500
131,parada131,-7.206642328755208,-34.853951385764113
132,parada132,-7.204178875477331,-34.853880894618143
133,parada133,-7.199881675433074,-34.853813134054967
134,parada134,-7.198298213587709,-34.906003378937967
135,parada135,-7.199844906362527,-34.903619072139463
136,parada136,-7.201523606405932,-34.903668161333819
137,parada137,-7.201435280392278,-34.900849535128479
138,parada138,-7.202454440227302,-34.897131846682178
139,parada139,-7.203139306359530,-34.895093724572540
140,parada140,-7.201529065979812,-34.894348127382678
141,parada141,-7.198573273261774,-34.893312097356912
142,parada142,-7.197177764560265,-34.895264177088229
143,parada143,-7.194988876836958,-34.892298438343268
144,parada144,-7.199880709358581,-34.887195837178460
145,parada145,-7.195967974227623,-34.886847319781673
146,parada146,-7.193773649234085,-34.886468607997053
147,parada147,-7.193786596878266,-34.884457993012958
148,parada148,-7.198504872411323,-34.884888193162567
149,parada149,-7.201189936189214,-34.885146553934497
150,parada150,-7.174224792675949,-34.929561075831487
151,parada151,-7.175702213887852,-34.930411550900999
152,parada152,-7.176377758030124,-34.931992831852753
153,parada153,-7.177003150153336,-34.932601973323017
154,parada154,-7.179016670221499,-34.932921449445438
155,parada155,-7.182427827820157,-34.934156091715259
156,parada156,-7.200203608817345,-34.853669097499314
157,parada157,-7.204659905695408,-34.853766135062934
158,parada158,-7.206587223732893,-34.853872445511684
159,parada159,-7.207346726185111,-34.852262660252109
160,parada160,-7.208055296849757,-34.850588053880188
161,parada161,-7.209980374554376,-34.850542470949151
162,parada162,-7.211608302202301,-34.850510362483327
163,parada163,-7.218119876482763,-34.846208519823513
164,parada164,-7.216366826571797,-34.844398494273712
165,parada165,-7.213854036777915,-34.840213261709678
166,parada166,-7.215196835805342,-34.839304404816453
167,parada167,-7.215144219022928,-34.839242809754303
168,parada168,-7.216620339829597,-34.837919908567002
169,parada169,-7.219087217650581,-34.834422421208878
170,parada170,-7.223602570313016,-34.823609542554522
171,parada171,-7.224824625926867,-34.817120440475684
172,parada172,-7.229646244674684,-34.809372410921817
173,parada173,-7.232025109946886,-34.808379490846050
174,parada174,-7.234024520406302,-34.807601985199049
175,parada175,-7.182573075435813,-34.826166643808833
176,parada176,-7.182489013230757,-34.828674195625737
177,parada177,-7.180172960265138,-34.829350731566109
178,parada178,-7.161059987022015,-34.896226704625022
179,parada179,-7.160009478448651,-34.896319127199938
180,parada180,-7.157100906165641,-34.896036265614448
181,parada181,-7.158136344324659,-34.896222411730548
182,parada182,-7.153995741564492,-34.895090771666837
183,parada183,-7.151492250103445,-34.894332901949937
184,parada184,-7.149982655541765,-34.893579138079502
185,parada185,-7.149425281462531,-34.893548446580652
186,parada186,-7.146573880809127,-34.892487480787523
187,parada187,-7.146347208661695,-34.892190535246897
188,parada188,-7.142958604475818,-34.890441158850443
189,parada189,-7.143167785873015,-34.890740552932471
190,parada190,-7.141262168135188,-34.889606575108090
191,parada191,-7.140209004531794,-34.889231429892682
192,parada192,-7.138654910289302,-34.888134799476191
193,parada193,-7.138475971391427,-34.888215330780803
194,parada194,-7.137079461675114,-34.886880848609053
195,parada195,-7.136926927675380,-34.886305060574948
196,parada196,-7.135572842385781,-34.884204955350278
197,parada197,-7.135234190200920,-34.882320160175112
198,parada198,-7.134839921248600,-34.878738606483239
199,parada199,-7.131184652413586,-34.878752440683343
200,parada200,-7.128749108873233,-34.878833519866077
201,parada201,-7.129715316485014,-34.883091928716077
202,parada202,-7.128191801963178,-34.884252088095323
203,parada203,-7.167385972193879,-34.865948538752157
204,parada204,-7.165580048751014,-34.866729343887222
205,parada205,-7.164031907354769,-34.867842072860853
206,parada206,-7.163957960796144,-34.867710362856251
207,parada207,-7.162157910772994,-34.869528308451109
208,parada208,-7.162382921456882,-34.869071045577023
209,parada209,-7.160714257279801,-34.870985371587459
210,parada210,-7.161086382453605,-34.870392436396003
211,parada211,-7.159765630172072,-34.872867386860293
212,parada212,-7.158033597806904,-34.874614916486053
213,parada213,-7.158279212139487,-34.872283724245051
214,parada214,-7.155790797015921,-34.872763178538598
215,parada215,-7.155373542473268,-34.875009063539579
216,parada216,-7.153262770351571,-34.873759946581821
217,parada217,-7.153742681276643,-34.872227811246340
218,parada218,-7.150297865722539,-34.874756103732018
219,parada219,-7.149730211120239,-34.873506996412402
220,parada220,-7.145899263609001,-34.874025656933348
221,parada221,-7.146987045812128,-34.874525668025690
222,parada222,-7.144172020139413,-34.875567988010218
223,parada223,-7.143359941080604,-34.874919416908959
224,parada224,-7.137528338274085,-34.880226274837327
225,parada225,-7.136031491705755,-34.879752328113547
226,parada226,-7.132888714528782,-34.880213267390388
227,parada227,-7.129639378392760,-34.880662522155262
228,parada228,-7.136441514276778,-34.875858183020938
229,parada229,-7.167893681257187,-34.864624966919017
230,parada230,-7.167784008713193,-34.864373375848629
231,parada231,-7.122759443075390,-34.878786988021162
232,parada232,-7.122211265660352,-34.875932469349998
233,parada233,-7.123639938908459,-34.874006714675247
234,parada234,-7.124871346291528,-34.872092005534157
235,parada235,-7.125778085220854,-34.870298493556781
236,parada236,-7.124408018835703,-34.875747415891688
237,parada237,-7.126164769373884,-34.872768025604763
238,parada238,-7.127566229364792,-34.870412277316611
239,parada239,-7.127350080836817,-34.866958117173077
240,parada240,-7.128924125593029,-34.868142789075208
241,parada241,-7.130012839354034,-34.866344836204000
242,parada242,-7.129051121451353,-34.863351072523137
243,parada243,-7.129818366721612,-34.861730413762537
244,parada244,-7.131917874627591,-34.861341334839310
245,parada245,-7.131405889484777,-34.859574198024859
246,parada246,-7.136442688977709,-34.856289474859580
247,parada247,-7.136328328262171,-34.856174055401567
248,parada248,-7.136795020828699,-34.850758503673987
249,parada249,-7.138802766821294,-34.851135489274583
250,parada250,-7.137929823303301,-34.850533146323393
251,parada251,-7.138724176972245,-34.851093173912261
252,parada252,-7.141937254089392,-34.851598269508678
253,parada253,-7.145852171845919,-34.850679966866139
254,parada254,-7.141715331979694,-34.851460861396617
255,parada255,-7.146004694409227,-34.850227920575811
256,parada256,-7.146732614821375,-34.847715878338299
257,parada257,-7.148005013110296,-34.843596726540532
258,parada258,-7.148523846764020,-34.843067106111107
259,parada259,-7.150077357490815,-34.840975321152740
260,parada260,-7.150112152639152,-34.840702365457958
261,parada261,-7.154261257657290,-34.838649633752787
262,parada262,-7.152974944642553,-34.838479776663689
263,parada263,-7.157069490791804,-34.838543019730253
264,parada264,-7.157117463854740,-34.838387095169857
265,parada265,-7.160053412467592,-34.838493193190097
266,parada266,-7.160377503424053,-34.838207077249017
267,parada267,-7.123996626204701,-34.880258171312519
268,parada268,-7.124081224246465,-34.880100980219943
269,parada269,-7.124206383314306,-34.879971699479192
270,parada270,-7.119944763223505,-34.868417075931390
271,parada271,-7.119921978411495,-34.865737177366697
272,parada272,-7.119392627080839,-34.868503005286669
273,parada273,-7.119690856017676,-34.865795203440499
274,parada274,-7.119898112891977,-34.863439491824472
275,parada275,-7.119653578108236,-34.861761815737971
276,parada276,-7.119646943693430,-34.859696197709233
277,parada277,-7.119853825460503,-34.858376123849027
278,parada278,-7.119629405888529,-34.857561526582202
279,parada279,-7.119822414935421,-34.852634078717010
280,parada280,-7.119586155207380,-34.852533862335868
281,parada281,-7.119797008961713,-34.848252435811247
282,parada282,-7.119563168146327,-34.848723274425168
283,parada283,-7.119767346071271,-34.845440482691323
284,parada284,-7.119527194327395,-34.844783115965782
285,parada285,-7.119736788702525,-34.842486415283368
286,parada286,-7.119526117452867,-34.841553171472988
287,parada287,-7.119736957540734,-34.839404409629793
288,parada288,-7.119472975612966,-34.838251773398540
289,parada289,-7.119697585355942,-34.835282388198863
290,parada290,-7.119455455076946,-34.835673946094843
291,parada291,-7.119643639957908,-34.832441783452033
292,parada292,-7.119403231381313,-34.832342481570251
293,parada293,-7.119376440667403,-34.828910922904292
294,parada294,-7.119606905807392,-34.829499320698957
295,parada295,-7.119570846784918,-34.826832340287652
296,parada296,-7.119330410748708,-34.826811840700643
297,parada297,-7.119524302613589,-34.824383226228747
298,parada298,-7.112041063117458,-34.827717852290156
299,parada299,-7.112079343449098,-34.828144925777323
300,parada300,-7.113242704035567,-34.830493527890503
301,parada301,-7.114840604684955,-34.833720529965490
302,parada302,-7.115088200358186,-34.833739557872690
303,parada303,-7.116909549843368,-34.837905961451781
304,parada304,-7.117080160919548,-34.837733332621518
305,parada305,-7.118220605998505,-34.840558123206669
306,parada306,-7.119096694354456,-34.842386705211808
307,parada307,-7.121036664243335,-34.876109966318971
308,parada308,-7.121432818585386,-34.874067318732251
309,parada309,-7.121951039826940,-34.873459175685142
310,parada310,-7.122664656942646,-34.871428941469738
311,parada311,-7.123089674671375,-34.871060521559542
312,parada312,-7.124314708129720,-34.867934193987942
313,parada313,-7.124179708670639,-34.868751999949090
314,parada314,-7.125103667681485,-34.866762279761737
315,parada315,-7.125477728480103,-34.865491580404353
316,parada316,-7.126104210225819,-34.864691441049793
317,parada317,-7.126222432065489,-34.863952656095726
318,parada318,-7.127120557824006,-34.862560632186863
319,parada319,-7.127439189347198,-34.861391629460087
320,parada320,-7.128245775752195,-34.860191665473018
321,parada321,-7.129232129947745,-34.858096970701247
322,parada322,-7.128973791628848,-34.858166444791607
323,parada323,-7.129449653834646,-34.854364270414720
324,parada324,-7.129761898728334,-34.855519978615227
325,parada325,-7.127712242366898,-34.853041949928077
326,parada326,-7.127949049512248,-34.852944594385981
327,parada327,-7.126970294233951,-34.851160952689114
328,parada328,-7.127232781635138,-34.851303377142543
329,parada329,-7.124959828215701,-34.848012516621459
330,parada330,-7.124713413484144,-34.846478615144278
331,parada331,-7.124933784663479,-34.844562481832838
332,parada332,-7.125218433133850,-34.848010175288699
333,parada333,-7.125317367153199,-34.841500133165141
334,parada334,-7.125520166096610,-34.841888255395048
335,parada335,-7.125669556461228,-34.839124182694903
336,parada336,-7.125431086522125,-34.836621404657592
337,parada337,-7.125611091765225,-34.835050480127663
338,parada338,-7.124840356353990,-34.832557096119473
339,parada339,-7.125034851768301,-34.832468784166643
340,parada340,-7.125073731354994,-34.828529279953187
341,parada341,-7.124758172259704,-34.828980507974499
342,parada342,-7.100229933407923,-34.859748056608368
343,parada343,-7.099837575836445,-34.860691160178753
344,parada344,-7.101599556256339,-34.861665883643226
345,parada345,-7.102969782421830,-34.863320874584034
346,parada346,-7.101059457546729,-34.863340897683898
347,parada347,-7.102834467209636,-34.864269563819782
348,parada348,-7.105028674038238,-34.865941304051702
349,parada349,-7.105932400022849,-34.866782886381628
350,parada350,-7.106227882880741,-34.868918576941603
351,parada351,-7.106874173503222,-34.867950168847798
352,parada352,-7.108046187987631,-34.869404010890648
353,parada353,-7.112274055586107,-34.871354253659362
354,parada354,-7.112536726774008,-34.871326813110549
355,parada355,-7.114905694631323,-34.873478710533767
356,parada356,-7.114814572942224,-34.873061672929907
357,parada357,-7.096923301207196,-34.856787496773897
358,parada358,-7.097326764172158,-34.856094632375310
359,parada359,-7.097806939960916,-34.854137855744852
360,parada360,-7.098188772928713,-34.848744742564271
361,parada361,-7.098386555444245,-34.848637767092100
362,parada362,-7.098007763658796,-34.844636968508347
363,parada363,-7.097628005135906,-34.844483157088689
364,parada364,-7.097825689489553,-34.842295340436380
365,parada365,-7.126866894775834,-34.899012130922628
366,parada366,-7.126276904718723,-34.898053176380827
367,parada367,-7.125912639639257,-34.897852737261033
368,parada368,-7.126432243815576,-34.899128886618882
369,parada369,-7.138178393075254,-34.905509789907818
370,parada370,-7.137477985123817,-34.905220239283267
371,parada371,-7.143646504362717,-34.906396315476726
372,parada372,-7.143795876692641,-34.906184688122543
373,parada373,-7.146578160519494,-34.908593260150433
374,parada374,-7.116686541726722,-34.876043363177232
375,parada375,-7.118350647645957,-34.876692071674441
376,parada376,-7.116116786731602,-34.874131992453748
377,parada377,-7.119518113089323,-34.875926605664453
378,parada378,-7.120427704860709,-34.874391905263003
379,parada379,-7.120476044951802,-34.873953891233477
380,parada380,-7.119917763371590,-34.872010359697533
381,parada381,-7.125433049563553,-34.878678600502873
382,parada382,-7.125565806662035,-34.881393227288576
383,parada383,-7.125011988435804,-34.884690056155691
384,parada384,-7.122924316495989,-34.885674330248477
385,parada385,-7.120542655282317,-34.887279884565913
386,parada386,-7.119994107809661,-34.887222998401853
387,parada387,-7.119707014634781,-34.887206940907561
388,parada388,-7.119020628969801,-34.886229878333197
389,parada389,-7.119059351739647,-34.886119873957760
390,parada390,-7.119272102125199,-34.885569929877157
391,parada391,-7.119422013200363,-34.885177788132552
392,parada392,-7.120383723040923,-34.877879671756673
393,parada393,-7.120184387169571,-34.878747471364811
394,parada394,-7.119414221117007,-34.879018772068669
395,parada395,-7.119048296017292,-34.879455638042032
396,parada396,-7.118767006491447,-34.879926751939173
397,parada397,-7.118691004747511,-34.880466434742232
398,parada398,-7.116738209257855,-34.887085838288122
399,parada399,-7.116268151374964,-34.887307716116560
400,parada400,-7.115841254043275,-34.887506706964579
401,parada401,-7.115134639682563,-34.887812090969362
402,parada402,-7.115400063972612,-34.887698470002952
403,parada403,-7.115160185877055,-34.890417474025128
404,parada404,-7.114526992754199,-34.890165253483502
405,parada405,-7.113865152737336,-34.889959336154817
406,parada406,-7.120437161724840,-34.892938193834652
407,parada407,-7.120028044645952,-34.892960533635389
408,parada408,-7.097162541151367,-34.863335124232833
409,parada409,-7.096338566183320,-34.862185876113308
410,parada410,-7.121122005613621,-34.861042783493147
411,parada411,-7.120871372203696,-34.859010733323522
412,parada412,-7.121087886488902,-34.847926496369674
413,parada413,-7.120540724580047,-34.848881672879330
414,parada414,-7.119318864502284,-34.845747843485313
415,parada415,-7.118825135064242,-34.847488081206663
416,parada416,-7.116384969837420,-34.845682570919337
417,parada417,-7.116197991628916,-34.845589169608743
418,parada418,-7.115550259690558,-34.843223035364169
419,parada419,-7.115455547421668,-34.842558671140146
420,parada420,-7.113317895285225,-34.843031380711892
421,parada421,-7.114547732463096,-34.843280645916643
422,parada422,-7.175211779715672,-34.899509385470878
423,parada423,-7.114559003015423,-34.846811456002207
424,parada424,-7.113123160160611,-34.847617562335358
425,parada425,-7.112959286301531,-34.847513350390727
426,parada426,-7.111120324866826,-34.847531644424429
427,parada427,-7.110975210978046,-34.847621157685957
428,parada428,-7.111193027852605,-34.849455582559003
429,parada429,-7.111673402786612,-34.849536694985602
430,parada430,-7.113483630713651,-34.849791537355493
431,parada431,-7.113538143850770,-34.850360428934010
432,parada432,-7.113589187659433,-34.854332331033291
433,parada433,-7.113576395834726,-34.852967771080593
434,parada434,-7.113499790761881,-34.852539113922873
435,parada435,-7.112063010969234,-34.853296736795329
436,parada436,-7.111468696252839,-34.855519040205273
437,parada437,-7.109864803601747,-34.854393725426199
438,parada438,-7.107032249870548,-34.855083836856103
439,parada439,-7.104425200035376,-34.855572697478443
440,parada440,-7.102817689663573,-34.855562658318640
441,parada441,-7.104241381080731,-34.855776715813370
442,parada442,-7.102517336958079,-34.856193679368268
443,parada443,-7.100588534387644,-34.856667294854638
444,parada444,-7.102148266618792,-34.857808869011819
445,parada445,-7.104985614513253,-34.857537816885369
446,parada446,-7.105170399312821,-34.857058071892602
447,parada447,-7.106272712789496,-34.858074305118457
448,parada448,-7.106746389124997,-34.857425005862169
449,parada449,-7.108605173246279,-34.856217099315558
450,parada450,-7.118824860678900,-34.861026184600902
451,parada451,-7.118297185220557,-34.859023237878382
452,parada452,-7.116598553085510,-34.861049516629329
453,parada453,-7.116249620936712,-34.859045512428310
454,parada454,-7.113988507287062,-34.861094899573636
455,parada455,-7.114133256798862,-34.859072207761933
456,parada456,-7.113525400897357,-34.859998133114708
457,parada457,-7.112365177546425,-34.859762297493319
458,parada458,-7.112348834995846,-34.859865473339809
459,parada459,-7.113982106785412,-34.861966061467612
460,parada460,-7.114016826380880,-34.861855973516612
461,parada461,-7.115232773180202,-34.863018869837241
462,parada462,-7.115835201753128,-34.863555356355043
463,parada463,-7.115953674510627,-34.863848035946489
464,parada464,-7.118215735311410,-34.866069695729578
465,parada465,-7.110534642358472,-34.858399407589111
466,parada466,-7.110330135421949,-34.858350679906060
467,parada467,-7.109150598646545,-34.858814641452447
468,parada468,-7.108625007878276,-34.858868341457857
469,parada469,-7.106988316047252,-34.859139436476312
470,parada470,-7.107075493661870,-34.859011788106848
471,parada471,-7.107154563813424,-34.859827726503418
472,parada472,-7.107085517380392,-34.859975761086780
473,parada473,-7.107267915184366,-34.861730673350081
474,parada474,-7.107410192916631,-34.862042571562867
475,parada475,-7.106150349250373,-34.862658398426113
476,parada476,-7.106122300534672,-34.862564242877383
477,parada477,-7.104195737735424,-34.862778003876187
478,parada478,-7.103955922395611,-34.862926712764377
479,parada479,-7.100906188323500,-34.861363817364079
480,parada480,-7.100054766811524,-34.861953802258682
481,parada481,-7.099561758367773,-34.862386695036811
482,parada482,-7.097426101613564,-34.863865705854828
483,parada483,-7.097433382761341,-34.864000953637763
484,parada484,-7.114794759444551,-34.864617793881102
485,parada485,-7.113406443878967,-34.865419953402771
486,parada486,-7.112215299197041,-34.864488688176380
487,parada487,-7.112254233183938,-34.864369806107398
488,parada488,-7.110054219279591,-34.866344124368162
489,parada489,-7.110256793442455,-34.866259272914938
490,parada490,-7.108580608897230,-34.868039177217653
491,parada491,-7.108297204681581,-34.868216827638832
492,parada492,-7.105921520113995,-34.867746510574982
493,parada493,-7.116166871030679,-34.872416367608317
494,parada494,-7.114954872998283,-34.875461295610357
495,parada495,-7.113798678414267,-34.877470921666699
496,parada496,-7.110507590786480,-34.879917008602717
497,parada497,-7.110212652432506,-34.882130486952022
498,parada498,-7.110178821527964,-34.882429522333197
499,parada499,-7.109400858138426,-34.882277931812752
500,parada500,-7.109343798283153,-34.882156808781637
501,parada501,-7.108405979969488,-34.880340588494690
502,parada502,-7.107507699409553,-34.879507254403102
503,parada503,-7.107641407742944,-34.878830784403839
504,parada504,-7.108699016307427,-34.879392569218780
505,parada505,-7.108443051485622,-34.878114055235493
506,parada506,-7.108954518976105,-34.877892586685093
507,parada507,-7.108651012899410,-34.876924308921758
508,parada508,-7.108670022219520,-34.876706615464563
509,parada509,-7.109042820671781,-34.875498074232823
510,parada510,-7.109041365933455,-34.875430533604742
511,parada511,-7.111618621578614,-34.886001994871897
512,parada512,-7.111142986977104,-34.883788658604793
513,parada513,-7.145801330765571,-34.809527880090222
514,parada514,-7.145776346958399,-34.810719401891717
515,parada515,-7.143914348242451,-34.812745009862113
516,parada516,-7.143930163872332,-34.814288552206477
517,parada517,-7.142208795484516,-34.814631442293113
518,parada518,-7.142294816488900,-34.815872419123657
519,parada519,-7.141114078640007,-34.815611490038727
520,parada520,-7.140402859664614,-34.817618124352968
521,parada521,-7.139466250640323,-34.818541304431200
522,parada522,-7.138286562850542,-34.818014528275079
523,parada523,-7.094023854818410,-34.834480715048663
524,parada524,-7.096268289329670,-34.834504539307503
525,parada525,-7.098213601346322,-34.835499229501288
526,parada526,-7.098678048128526,-34.832751668514803
527,parada527,-7.097908644253169,-34.838134784071762
528,parada528,-7.098672312869278,-34.839298488558391
529,parada529,-7.101498334774583,-34.838065823685852
530,parada530,-7.101299866101350,-34.836710728256143
531,parada531,-7.101751823405078,-34.833223440572922
532,parada532,-7.104111953531875,-34.836408139158458
533,parada533,-7.103549838775133,-34.835286105676417
534,parada534,-7.101895074423568,-34.831376244369508
535,parada535,-7.104174952762584,-34.831635375383392
536,parada536,-7.103926031221296,-34.829916681993772
537,parada537,-7.106223615351017,-34.827913482038980
538,parada538,-7.108521997599841,-34.827672727241783
539,parada539,-7.108584598993250,-34.825161573462651
540,parada540,-7.110649790021578,-34.823184627793879
541,parada541,-7.111516828333430,-34.825105065139823
542,parada542,-7.112663215991651,-34.825623899349878
543,parada543,-7.111443843508805,-34.829029838893689
544,parada544,-7.110950363757627,-34.830776636262229
545,parada545,-7.112531261229297,-34.832295916659270
546,parada546,-7.112115021371999,-34.832453132872701
547,parada547,-7.110306137065724,-34.835078595918702
548,parada548,-7.109289372947100,-34.832313325022163
549,parada549,-7.108128098289454,-34.831741153058452
550,parada550,-7.107430921173434,-34.834098864713290
551,parada551,-7.106269768887742,-34.833496432890200
552,parada552,-7.108876450408511,-34.837357553477872
553,parada553,-7.108805484164602,-34.837529788971267
554,parada554,-7.107122695580645,-34.839415821991032
555,parada555,-7.107077232562775,-34.839327172880800
556,parada556,-7.105668236653537,-34.840317830379831
557,parada557,-7.105592881496674,-34.840264575995569
558,parada558,-7.113835578292614,-34.829229653130781
559,parada559,-7.114303692728641,-34.825501895176657
560,parada560,-7.117029207094663,-34.826125447195579
561,parada561,-7.116444447146169,-34.824942967260426
562,parada562,-7.120711029973679,-34.825693660860757
563,parada563,-7.121866437542653,-34.823973350072762
564,parada564,-7.123483075450430,-34.826014804847652
565,parada565,-7.124179056013214,-34.823906838935073
566,parada566,-7.125410305311670,-34.825946780189057
567,parada567,-7.128245641259488,-34.825549476709568
568,parada568,-7.127150680728906,-34.823441972265172
569,parada569,-7.129882255772269,-34.822529795837767
570,parada570,-7.132167364929254,-34.823369830100582
571,parada571,-7.132110271144526,-34.821705989207643
572,parada572,-7.134965248701175,-34.821761465837533
573,parada573,-7.134211856379546,-34.820716072043687
574,parada574,-7.136332868012840,-34.819415620039138
575,parada575,-7.137615076596582,-34.820033495520242
576,parada576,-7.138836336204351,-34.828420953426402
577,parada577,-7.138037766409142,-34.827804974746869
578,parada578,-7.135612732966410,-34.827636474323263
579,parada579,-7.137957380323689,-34.830411971191893
580,parada580,-7.136740351352462,-34.833952092291788
581,parada581,-7.136788099577140,-34.830765043591462
582,parada582,-7.133981299280773,-34.832835060217583
583,parada583,-7.133205683795359,-34.830491557963462
584,parada584,-7.131282675783780,-34.829035650923807
585,parada585,-7.131325984143583,-34.824887422074092
586,parada586,-7.131105542038342,-34.824899581739871
587,parada587,-7.133439485416251,-34.823655319261299
588,parada588,-7.133560724934950,-34.823497182066617
589,parada589,-7.062915176233117,-34.843750520044729
590,parada590,-7.063226039497675,-34.845503005643337
591,parada591,-7.063023737476464,-34.843557879971307
592,parada592,-7.063163163746615,-34.842218610045990
593,parada593,-7.062502159053703,-34.841592289031318
594,parada594,-7.064780056519029,-34.840279713349823
595,parada595,-7.065021878921727,-34.841139630901488
596,parada596,-7.066329500323540,-34.845005683839538
597,parada597,-7.066840520921102,-34.844756885763950
598,parada598,-7.067845682764213,-34.838861537383742
599,parada599,-7.067067838803908,-34.838341184510263
600,parada600,-7.069427253078676,-34.837106491063658
601,parada601,-7.069625169490116,-34.837057791745814
602,parada602,-7.071231935036239,-34.835125237709583
603,parada603,-7.072325548174478,-34.832739883800087
604,parada604,-7.072510293496513,-34.832680938748133
605,parada605,-7.073953548942661,-34.832074364516018
606,parada606,-7.075072078569380,-34.832559967043210
607,parada607,-7.075204414659427,-34.832650330018907
608,parada608,-7.075739018846675,-34.834748057333883
609,parada609,-7.075985261314266,-34.835201739579396
610,parada610,-7.077012396441403,-34.837968551572580
611,parada611,-7.077075664883719,-34.838636810498173
612,parada612,-7.077666987683536,-34.830524934168707
613,parada613,-7.077646130100873,-34.831638205284897
614,parada614,-7.079220514546328,-34.839276538542507
615,parada615,-7.079146945222769,-34.839635534158496
616,parada616,-7.082140726355356,-34.839770054810153
617,parada617,-7.084159412765351,-34.840842989518563
618,parada618,-7.082170594446031,-34.839459645709191
619,parada619,-7.083718588635207,-34.839818596644022
620,parada620,-7.086742854246173,-34.839632484359477
621,parada621,-7.084562112925562,-34.841092001551573
622,parada622,-7.084862644850465,-34.840095289391243
623,parada623,-7.083042797013272,-34.846053161462329
624,parada624,-7.088012052128740,-34.839513985296790
625,parada625,-7.089747463101899,-34.838168322766627
626,parada626,-7.090752316394199,-34.838230038192378
627,parada627,-7.092376190092495,-34.838005554644162
628,parada628,-7.092278680940838,-34.835580462708869
629,parada629,-7.084169597092602,-34.834096861991149
630,parada630,-7.086077425668358,-34.833553240893274
631,parada631,-7.080731863012521,-34.832582302224182
632,parada632,-7.088834642700139,-34.834169825220172
633,parada633,-7.088482087589341,-34.835235539527048
634,parada634,-7.086212693142047,-34.834749511412042
635,parada635,-7.092910279661000,-34.838193292774960
636,parada636,-7.094425613421092,-34.836093695977659
637,parada637,-7.095750037276978,-34.839044127399063
638,parada638,-7.095830568477310,-34.838275289858593
639,parada639,-7.095273270736361,-34.836397701856903
640,parada640,-7.096767409784964,-34.844335490347419
641,parada641,-7.096478981635552,-34.844232087916453
642,parada642,-7.094593145882830,-34.843989011761977
643,parada643,-7.094388603843742,-34.843679443453567
644,parada644,-7.100056553671634,-34.843710256151859
645,parada645,-7.102095096096394,-34.842794663007879
646,parada646,-7.102331615861923,-34.842452587676732
647,parada647,-7.103987379238720,-34.841367137370483
648,parada648,-7.104103502254898,-34.841169659848873
649,parada649,-7.143418145411888,-34.843950712553983
650,parada650,-7.144930539061866,-34.839840820043833
651,parada651,-7.145985218316050,-34.837246145238836
652,parada652,-7.145828541926651,-34.837383054110482
653,parada653,-7.145233373014332,-34.835731255521587
654,parada654,-7.150494217949272,-34.836107292063119
655,parada655,-7.152119219813528,-34.836462271339251
656,parada656,-7.153243909591829,-34.835386674737862
657,parada657,-7.150130554295425,-34.833986129946616
658,parada658,-7.149514448583328,-34.830481577038441
659,parada659,-7.148233385658430,-34.830503604773646
660,parada660,-7.147045009459579,-34.830522298235827
661,parada661,-7.145196780656450,-34.830712902818171
662,parada662,-7.146448471617748,-34.833215685491147
663,parada663,-7.153099148333449,-34.831020969657409
664,parada664,-7.156881854729258,-34.834475915580683
665,parada665,-7.155982716385146,-34.833326324036591
666,parada666,-7.156105003326839,-34.833710891912027
667,parada667,-7.158589223723011,-34.834404466211339
668,parada668,-7.162260739555353,-34.835477157667050
669,parada669,-7.162564575346784,-34.833905531216629
670,parada670,-7.163183133795301,-34.832466228260373
671,parada671,-7.162627292347532,-34.834953178768423
672,parada672,-7.162104819988845,-34.837395832598112
673,parada673,-7.161585752157857,-34.839331164859637
674,parada674,-7.161519390647761,-34.841193953731192
675,parada675,-7.161771887971279,-34.841030321417477
676,parada676,-7.161822587280521,-34.839388613420958
677,parada677,-7.163506202181956,-34.828416174922673
678,parada678,-7.163909120744032,-34.828254554059129
679,parada679,-7.163090365659798,-34.824361844029838
680,parada680,-7.163261583409282,-34.824208232710291
681,parada681,-7.161467663282696,-34.822861858543178
682,parada682,-7.160890583195848,-34.821815204220677
683,parada683,-7.160502137612880,-34.821568993888697
684,parada684,-7.160728917948086,-34.819515361644598
685,parada685,-7.160302393882278,-34.819224878319439
686,parada686,-7.160207829054679,-34.818714182744507
687,parada687,-7.160776565371700,-34.818478913281552
688,parada688,-7.160252165952762,-34.815022847825531
689,parada689,-7.160492024774141,-34.814700404498431
690,parada690,-7.160669595653228,-34.806142821875127
691,parada691,-7.160889840005505,-34.806660777048037
692,parada692,-7.153720816610510,-34.794313771685097
693,parada693,-7.156508745793704,-34.793824452160699
694,parada694,-7.159160835056304,-34.794719289665892
695,parada695,-7.161182069809497,-34.799938698851648
696,parada696,-7.161350451760823,-34.798574387767808
697,parada697,-7.161777561211008,-34.797914689823592
698,parada698,-7.162873949295063,-34.798107711858648
699,parada699,-7.163509818533512,-34.798001928380103
700,parada700,-7.165181647387953,-34.851679234089687
701,parada701,-7.165373955040528,-34.851521622875467
702,parada702,-7.163248701788642,-34.846379020124040
703,parada703,-7.162264769103190,-34.843653136726921
704,parada704,-7.161851028302614,-34.843117897356557
705,parada705,-7.162705712601971,-34.842003367294893
706,parada706,-7.163055917277064,-34.842147527943041
707,parada707,-7.165010355994768,-34.842063362812809
708,parada708,-7.165150080136852,-34.842199523035390
709,parada709,-7.167195913444870,-34.842241641181282
710,parada710,-7.166816649556203,-34.842107047303223
711,parada711,-7.163609831348592,-34.838471743965577
712,parada712,-7.162858443640195,-34.838311233656682
713,parada713,-7.165283234511061,-34.838512350717551
714,parada714,-7.164998443208648,-34.838365924189908
715,parada715,-7.167682121176401,-34.838565554046397
716,parada716,-7.167527866061798,-34.838434178307750
717,parada717,-7.163303920033345,-34.833923109908731
718,parada718,-7.164015257568241,-34.831417363957492
719,parada719,-7.165839439271804,-34.831250304644243
720,parada720,-7.170639057631290,-34.831364528042918
721,parada721,-7.170666353119485,-34.831493019342602
722,parada722,-7.171142755112315,-34.834092804180038
723,parada723,-7.171005786053976,-34.836010220959032
724,parada724,-7.171143453648133,-34.835766990719172
725,parada725,-7.165439482977159,-34.834250008270288
726,parada726,-7.165077858119203,-34.834097480940372
727,parada727,-7.167747235863748,-34.834180012007259
728,parada728,-7.168019384313631,-34.834321217774963
729,parada729,-7.169584294990773,-34.834219696823517
730,parada730,-7.169551239678884,-34.834363461630659
731,parada731,-7.173262575757160,-34.836648950359432
732,parada732,-7.173043876761644,-34.836783467845137
733,parada733,-7.176150883134768,-34.836872513605542
734,parada734,-7.175901608125327,-34.836765549896043
735,parada735,-7.177941365990993,-34.836925699776238
736,parada736,-7.180204980159465,-34.837987999910297
737,parada737,-7.180429148464054,-34.837963153030707
738,parada738,-7.182232228229346,-34.838919504000508
739,parada739,-7.185748188053295,-34.839150895767659
740,parada740,-7.186196678220207,-34.839029043192639
741,parada741,-7.187758072349276,-34.839773629902517
742,parada742,-7.184502010651088,-34.840573042635299
743,parada743,-7.184624502401658,-34.840988423511433
744,parada744,-7.183837138531354,-34.843107827032519
745,parada745,-7.183402443924860,-34.843235816620293
746,parada746,-7.182003925902992,-34.843053946611782
747,parada747,-7.181257635161093,-34.842866795740271
748,parada748,-7.179242013680210,-34.841468980339421
749,parada749,-7.179167896946947,-34.841583842341151
750,parada750,-7.177345001064033,-34.840707753721198
751,parada751,-7.176900411508114,-34.840562836329049
752,parada752,-7.175317769917255,-34.840659381851303
753,parada753,-7.174966870375997,-34.840521632603817
754,parada754,-7.172763684963106,-34.839955395892197
755,parada755,-7.172683394332367,-34.839748461232993
756,parada756,-7.170754897802639,-34.839038483684263
757,parada757,-7.170325602060123,-34.838704349200668
758,parada758,-7.186066124453959,-34.847273410908919
759,parada759,-7.183919954279676,-34.847072768492367
760,parada760,-7.184095371564235,-34.847220596630308
761,parada761,-7.182007598111122,-34.847022740561961
762,parada762,-7.181499805266598,-34.847132814683917
763,parada763,-7.179230073554242,-34.845621802353087
764,parada764,-7.179401620239049,-34.845865287194492
765,parada765,-7.177730239328295,-34.844682661850598
766,parada766,-7.177511887399511,-34.844703910617618
767,parada767,-7.174685657811026,-34.844213348375220
768,parada768,-7.174421263992790,-34.844342733114253
769,parada769,-7.171431641530178,-34.843065649192027
770,parada770,-7.171202806916499,-34.842815602847757
771,parada771,-7.169489618432682,-34.842167324515877
772,parada772,-7.169071546954866,-34.842299874798421
773,parada773,-7.167315120764979,-34.853292190097783
774,parada774,-7.167582477321099,-34.855751697233572
775,parada775,-7.166052595040306,-34.857662657877270
776,parada776,-7.168197301272784,-34.857602022404272
777,parada777,-7.166443604384339,-34.858842103215878
778,parada778,-7.171390875667163,-34.858859875274902
779,parada779,-7.171200630064050,-34.858813544388902
780,parada780,-7.172437925933117,-34.858569286973733
781,parada781,-7.172341607336886,-34.858533312640581
782,parada782,-7.174948895054021,-34.855611077503347
783,parada783,-7.174080350365459,-34.857145478299508
784,parada784,-7.175993853572741,-34.854662765103193
785,parada785,-7.175757164232404,-34.862077158000169
786,parada786,-7.175328107707155,-34.861223865284188
787,parada787,-7.175020889000557,-34.860716669394300
788,parada788,-7.178876716690640,-34.855277705469398
789,parada789,-7.176074072579500,-34.863529238389418
790,parada790,-7.174275063385444,-34.862651118709998
791,parada791,-7.175158201679434,-34.863218881764823
792,parada792,-7.172058869048496,-34.863296502332268
793,parada793,-7.172147893068439,-34.862749829599807
794,parada794,-7.170625470264085,-34.864147882026913
795,parada795,-7.170453639153577,-34.864134485580152
796,parada796,-7.168082962812170,-34.863924076189853
797,parada797,-7.168090241057424,-34.864073980604608
798,parada798,-7.165965135246294,-34.861425274915383
799,parada799,-7.168476736933895,-34.860095095845622
800,parada800,-7.168387072116679,-34.859943873899937
801,parada801,-7.170228807368111,-34.861225236765897
802,parada802,-7.177940930659398,-34.864177829428989
803,parada803,-7.178248427988648,-34.864383136402061
804,parada804,-7.180214499223920,-34.866234378450493
805,parada805,-7.180402070214853,-34.866056016563363
806,parada806,-7.180965824454477,-34.865489740747442
807,parada807,-7.181569538902866,-34.865640925027328
808,parada808,-7.183357525393763,-34.866584514425192
809,parada809,-7.183638108892668,-34.866622618285326
810,parada810,-7.185207429874199,-34.868253099610101
811,parada811,-7.185326151264907,-34.867947551676373
812,parada812,-7.183141436196983,-34.869599931217209
813,parada813,-7.182368133141626,-34.869469210832143
814,parada814,-7.183384804727131,-34.869734526518208
815,parada815,-7.182569848043904,-34.869628332388338
816,parada816,-7.182385631861852,-34.871625568998653
817,parada817,-7.181043759460048,-34.869123674711851
818,parada818,-7.180492960527022,-34.868906462377943
819,parada819,-7.179904094600511,-34.868764046389863
820,parada820,-7.180096628651369,-34.868423212952891
821,parada821,-7.179583017788418,-34.871448298231122
822,parada822,-7.181040570268744,-34.873590066669642
823,parada823,-7.181100672745187,-34.873729928702133
824,parada824,-7.183966523575258,-34.873744441173478
825,parada825,-7.183752778968986,-34.873609961645570
826,parada826,-7.184274939599983,-34.874519244721959
827,parada827,-7.179856878619184,-34.870474656478002
828,parada828,-7.178713207560746,-34.873605291976993
829,parada829,-7.178561397577995,-34.873756921695843
830,parada830,-7.175406638087565,-34.873976775003399
831,parada831,-7.175149842495707,-34.873850433233677
832,parada832,-7.173253169138766,-34.873991938993200
833,parada833,-7.172590881757408,-34.874175810425037
834,parada834,-7.170895214956636,-34.874150217131522
835,parada835,-7.170918912610507,-34.874267559945089
836,parada836,-7.177686638045325,-34.869168527250167
837,parada837,-7.125755437160761,-34.838300314822021
838,parada838,-7.158281564073368,-34.858240859300587
839,parada839,-7.150497818506592,-34.852296715403398
840,parada840,-7.148231730972642,-34.849909409557341
841,parada841,-7.151148555479296,-34.850702488277712
842,parada842,-7.150626809005966,-34.850995303221467
843,parada843,-7.152769185573673,-34.851636711369537
844,parada844,-7.154698086641458,-34.852240646255268
845,parada845,-7.151769059709768,-34.849036421417843
846,parada846,-7.151285170112393,-34.848939338245692
847,parada847,-7.148542827988783,-34.847564294600232
848,parada848,-7.151298463109425,-34.843060165613707
849,parada849,-7.199219014409930,-34.863391784993908
850,parada850,-7.196779897865337,-34.861339761150568
851,parada851,-7.196846083645109,-34.858687982725783
852,parada852,-7.197581701418353,-34.857685200184847
853,parada853,-7.199317270732537,-34.859336154842339
854,parada854,-7.202486948480779,-34.858973034937499
855,parada855,-7.204770439994448,-34.857402516102667
856,parada856,-7.205005209612482,-34.857003586058298
857,parada857,-7.205335416182850,-34.859759282301162
858,parada858,-7.207257230979373,-34.864111045228469
859,parada859,-7.207420221656457,-34.853983684920649
860,parada860,-7.208435015945178,-34.854797703898093
861,parada861,-7.209565362176985,-34.852863513173297
862,parada862,-7.209396027303643,-34.853623804582021
863,parada863,-7.207425423979998,-34.852242952440612
864,parada864,-7.208453831990610,-34.850716057804291
865,parada865,-7.210108400865709,-34.850686717561743
866,parada866,-7.211814217520789,-34.850648289040450
867,parada867,-7.212329348806862,-34.850378524029573
868,parada868,-7.213287876430037,-34.852754865914569
869,parada869,-7.199346039133554,-34.854284151636627
870,parada870,-7.197776641101794,-34.853846536472993
871,parada871,-7.195580015896354,-34.853873635442874
872,parada872,-7.197401526637308,-34.853645159465437
873,parada873,-7.196348084586765,-34.853783524112814
874,parada874,-7.196222371872850,-34.853195427832603
875,parada875,-7.194425441645761,-34.853617631945433
876,parada876,-7.194602253929770,-34.852533101866349
877,parada877,-7.194227394585322,-34.851173459331221
878,parada878,-7.193987460799234,-34.850166470404623
879,parada879,-7.192493396268315,-34.850498152794991
880,parada880,-7.191783698118721,-34.850722981211980
881,parada881,-7.193079663524244,-34.851687852403643
882,parada882,-7.195103292745788,-34.849308687692726
883,parada883,-7.196630571843373,-34.851413148027973
884,parada884,-7.199010492935321,-34.850258868258351
885,parada885,-7.199190564066100,-34.850533359001332
886,parada886,-7.199271015175279,-34.853270821268843
887,parada887,-7.199360685619444,-34.852651761626888
888,parada888,-7.200295188970588,-34.848460405743268
889,parada889,-7.200093116282387,-34.848739838888868
890,parada890,-7.201783140240718,-34.849687859447833
891,parada891,-7.201905010537413,-34.849674168383423
892,parada892,-7.203016627817134,-34.851633260140538
893,parada893,-7.202470607930882,-34.851781949351967
894,parada894,-7.204752954955998,-34.850704151518883
895,parada895,-7.204928933782202,-34.850807446154143
896,parada896,-7.204886339793328,-34.847142407533731
897,parada897,-7.205319422841826,-34.846526163211678
898,parada898,-7.206394023661099,-34.845215467637999
899,parada899,-7.206470542947899,-34.844037264500408
900,parada900,-7.208357208776383,-34.843530434625080
901,parada901,-7.204584378484424,-34.843720638889899
902,parada902,-7.203547517944947,-34.843450765336257
903,parada903,-7.201816694381097,-34.843105830974373
904,parada904,-7.201758559032219,-34.841503120769900
905,parada905,-7.201895779773078,-34.841288094734821
906,parada906,-7.205345881675295,-34.840998385475579
907,parada907,-7.206434934426199,-34.838907520228908
908,parada908,-7.206059049106125,-34.839097863230840
909,parada909,-7.208061490417328,-34.837155416130081
910,parada910,-7.207788403896066,-34.837250067245662
911,parada911,-7.209069014539693,-34.836818359936522
912,parada912,-7.199380983212517,-34.840293285711049
913,parada913,-7.199509163412932,-34.840495196221248
914,parada914,-7.198647312073807,-34.842489226429251
915,parada915,-7.198338000532583,-34.842667626380617
916,parada916,-7.196604132565182,-34.840124189238203
917,parada917,-7.196524613591236,-34.840267587079417
918,parada918,-7.189294611791444,-34.839268381861572
919,parada919,-7.189057455870889,-34.839396585190933
920,parada920,-7.188757038305679,-34.839100945593728
921,parada921,-7.203058700264524,-34.834327452040512
922,parada922,-7.204995626975788,-34.833588073936433
923,parada923,-7.206779433049560,-34.832974674305191
924,parada924,-7.206218968145627,-34.830118656465828
925,parada925,-7.205747220457274,-34.826155863090420
926,parada926,-7.205800269441099,-34.825988239790952
927,parada927,-7.210346351185360,-34.829097416086377
928,parada928,-7.209392124108685,-34.828542237668962
929,parada929,-7.211821716783375,-34.829933270307997
930,parada930,-7.212107679497951,-34.829961676071520
931,parada931,-7.215183792543156,-34.832266238178143
932,parada932,-7.214124758318207,-34.834499079884381
933,parada933,-7.214667081824020,-34.838151594439388
934,parada934,-7.211990855721432,-34.838413111063403
935,parada935,-7.212019557894056,-34.838125449595729
936,parada936,-7.178723754853264,-34.862418063059707
937,parada937,-7.178836560066829,-34.862041675833083
938,parada938,-7.180643259828472,-34.860584283504537
939,parada939,-7.182423848106407,-34.859380202881063
940,parada940,-7.182842554348207,-34.859182364121608
941,parada941,-7.183940681237618,-34.857671964065077
942,parada942,-7.184144395601206,-34.857596464118913
943,parada943,-7.187360516488722,-34.855757294143793
944,parada944,-7.191953745677209,-34.856069146393367
945,parada945,-7.192344419425728,-34.856160033303048
946,parada946,-7.177732388068500,-34.820118981402032
947,parada947,-7.177931886768954,-34.818079983313517
948,parada948,-7.178046936597737,-34.816245960432198
949,parada949,-7.180124138621356,-34.815186419096193
950,parada950,-7.182379235650399,-34.815414404568287
951,parada951,-7.183289423054023,-34.816037491282692
952,parada952,-7.182272263392726,-34.817395611062537
953,parada953,-7.168707075573907,-34.886334055264939
954,parada954,-7.168786550818028,-34.886495156678770
955,parada955,-7.169334374692018,-34.885320383966807
956,parada956,-7.169321523097498,-34.885723883373878
957,parada957,-7.168795059519837,-34.888032112257378
958,parada958,-7.171182511867589,-34.887420385991838
959,parada959,-7.173375062451796,-34.887609378840473
960,parada960,-7.175230727604498,-34.889925663990702
961,parada961,-7.175352747973946,-34.889946532489247
962,parada962,-7.174703760597843,-34.892170603858602
963,parada963,-7.174889914943412,-34.891867627681570
964,parada964,-7.174688572242681,-34.893796439331133
965,parada965,-7.175166230644886,-34.893779832265523
966,parada966,-7.176466882921305,-34.894240979235761
967,parada967,-7.169015063432517,-34.896259781297360
968,parada968,-7.176619403785243,-34.894335127136237
969,parada969,-7.178807495778773,-34.895433313731061
970,parada970,-7.178927054171534,-34.895375991725871
971,parada971,-7.180125934229161,-34.896507559574118
972,parada972,-7.180203613635542,-34.896651102397207
973,parada973,-7.179117926339990,-34.899626219044691
974,parada974,-7.179490098121758,-34.898939379481462
975,parada975,-7.181340375987264,-34.890729984666073
976,parada976,-7.181190636664551,-34.890817279057693
977,parada977,-7.180756214233428,-34.888491168202613
978,parada978,-7.179461901388765,-34.892157450224168
979,parada979,-7.180229037286344,-34.891872652631797
980,parada980,-7.178336332151193,-34.890659758184697
981,parada981,-7.178241930543239,-34.890474403781468
982,parada982,-7.180618819119974,-34.888599137998533
983,parada983,-7.178827209086374,-34.888363736929861
984,parada984,-7.178647893038053,-34.888407837219553
985,parada985,-7.179170065988360,-34.886666834164807
986,parada986,-7.181613431526706,-34.886953320758089
987,parada987,-7.181384452305366,-34.886783524076527
988,parada988,-7.182133049803138,-34.886262562961299
989,parada989,-7.182352143515441,-34.884712579297791
990,parada990,-7.182218945963264,-34.884431777951612
991,parada991,-7.184570304681929,-34.885741842435642
992,parada992,-7.183327781381218,-34.887048304706347
993,parada993,-7.184693227276384,-34.885798400020299
994,parada994,-7.184725777312379,-34.883326691962999
995,parada995,-7.184023379570140,-34.882805033355709
996,parada996,-7.184757592463145,-34.881999944209923
997,parada997,-7.184693470626720,-34.881220811914631
998,parada998,-7.187932736458478,-34.882934017061643
999,parada999,-7.181779155793355,-34.882648042501671
1000,parada1000,-7.180835063221370,-34.884198418321873
1001,parada1001,-7.180481945817538,-34.884147175848021
1002,parada1002,-7.179999117121123,-34.882695252657868
1003,parada1003,-7.179870641865344,-34.882627463819333
1004,parada1004,-7.179114591570866,-34.884500268218822
1005,parada1005,-7.178744119130089,-34.884315544964252
1006,parada1006,-7.177715145671365,-34.884059084792703
1007,parada1007,-7.179299890058788,-34.886001331539013
1008,parada1008,-7.180857137007138,-34.881352154960197
1009,parada1009,-7.185102057334074,-34.877022591649393
1010,parada1010,-7.175338385997103,-34.880326178350579
1011,parada1011,-7.177369807774978,-34.880112490002780
1012,parada1012,-7.177828259315591,-34.876238768247767
1013,parada1013,-7.176111181076213,-34.887991428811731
1014,parada1014,-7.176615068254196,-34.885916734661919
1015,parada1015,-7.175457813329476,-34.888067774581870
1016,parada1016,-7.175852008416016,-34.886445499009596
1017,parada1017,-7.176275154538062,-34.884604908985978
1018,parada1018,-7.174336012835132,-34.881675154328782
1019,parada1019,-7.174283095968452,-34.833117909242873
1020,parada1020,-7.176535307674815,-34.833173484905558
1021,parada1021,-7.176530997284746,-34.833094747595759
1022,parada1022,-7.176950924052626,-34.830430656992313
1023,parada1023,-7.177161868833598,-34.828562835995591
1024,parada1024,-7.177386314221335,-34.825043050122908
1025,parada1025,-7.178975549501903,-34.830583589171482
1026,parada1026,-7.179106128628839,-34.830998125578773
1027,parada1027,-7.179072761695832,-34.832405700838990
1028,parada1028,-7.178942851373742,-34.832509887939999
1029,parada1029,-7.178885886564268,-34.834034929306107
1030,parada1030,-7.180578081024286,-34.834625231549417
1031,parada1031,-7.180910352269494,-34.834805206931136
1032,parada1032,-7.181245662231098,-34.836372490025042
1033,parada1033,-7.181011068684677,-34.836276942844712
1034,parada1034,-7.136536165752720,-34.851835308185557
1035,parada1035,-7.135077696400693,-34.849694755406148
1036,parada1036,-7.135023600965689,-34.849361570961648
1037,parada1037,-7.133556304795003,-34.847576160312776
1038,parada1038,-7.133223995079724,-34.847508234445748
1039,parada1039,-7.130742209520625,-34.847135723118747
1040,parada1040,-7.132673148421906,-34.850734182094541
1041,parada1041,-7.135309490349983,-34.851999303591761
1042,parada1042,-7.131478845423398,-34.849584144959103
1043,parada1043,-7.131961982332326,-34.843622922737019
1044,parada1044,-7.132158971035314,-34.844000423663758
1045,parada1045,-7.132535788943930,-34.841242035395837
1046,parada1046,-7.132347475938007,-34.841204286613639
1047,parada1047,-7.134384921878068,-34.839950848660692
1048,parada1048,-7.134159963339282,-34.839842632803879
1049,parada1049,-7.137504202487484,-34.839852320084603
1050,parada1050,-7.137652648876545,-34.839693827142654
1051,parada1051,-7.140435297165300,-34.845235989201043
1052,parada1052,-7.140517688569527,-34.844962542535207
1053,parada1053,-7.123808313515180,-34.859302100823477
1054,parada1054,-7.126401510222788,-34.860521792988067
1055,parada1055,-7.126913540130597,-34.860618210167921
1056,parada1056,-7.129029927377047,-34.861613571995839
1057,parada1057,-7.129856798370335,-34.859704973211677
1058,parada1058,-7.125098711721420,-34.859325559998837
1059,parada1059,-7.123786004545363,-34.857114025748011
1060,parada1060,-7.125731962886164,-34.857162114817079
1061,parada1061,-7.125493423411311,-34.857215121003620
1062,parada1062,-7.127742986265750,-34.856486108568618
1063,parada1063,-7.128057448154792,-34.856208101523613
1064,parada1064,-7.127859265187517,-34.855203739876274
1065,parada1065,-7.126285430704572,-34.855944650266103
1066,parada1066,-7.126360390600952,-34.855213583410453
1067,parada1067,-7.124076017769233,-34.855239216253551
1068,parada1068,-7.123835950532030,-34.855953922753137
1069,parada1069,-7.122476628140912,-34.854808141642778
1070,parada1070,-7.122617213782544,-34.852795021173087
1071,parada1071,-7.122487184315903,-34.851219751734980
1072,parada1072,-7.122598821996159,-34.850945034290937
1073,parada1073,-7.122281423570263,-34.849092158421470
1074,parada1074,-7.122360555045199,-34.848415339224658
1075,parada1075,-7.122345508766864,-34.845484844523483
1076,parada1076,-7.122229787937980,-34.844868174718300
1077,parada1077,-7.122853568564711,-34.843612312082143
1078,parada1078,-7.122949927284791,-34.843229645611203
1079,parada1079,-7.122926791154494,-34.841539104288813
1080,parada1080,-7.123297634190058,-34.838613958532903
1081,parada1081,-7.123436385884701,-34.838316110038882
1082,parada1082,-7.121601359566391,-34.836827862547644
1083,parada1083,-7.122616403509475,-34.836402718458132
1084,parada1084,-7.129915924554357,-34.838597723176683
1085,parada1085,-7.129122630812526,-34.838868451573212
1086,parada1086,-7.129196142145158,-34.840997216116790
1087,parada1087,-7.130696821327329,-34.840471286355402
1088,parada1088,-7.129413890288294,-34.843989482134553
1089,parada1089,-7.130773532930106,-34.842635493204646
1090,parada1090,-7.131387854142301,-34.844271835354093
1091,parada1091,-7.131120225734649,-34.845402627074400
1092,parada1092,-7.101672541951371,-34.845481351126878
1093,parada1093,-7.102468129990055,-34.844912472047938
1094,parada1094,-7.100669042304448,-34.846261419746213
1095,parada1095,-7.104359531590495,-34.844525198127542
1096,parada1096,-7.104132574837032,-34.844558600754873
1097,parada1097,-7.108976921666554,-34.842124058270500
1098,parada1098,-7.109213893200383,-34.842189682816787
1099,parada1099,-7.109442568868745,-34.838786995868183
1100,parada1100,-7.111812304714527,-34.835615053677152
1101,parada1101,-7.111862728145500,-34.835639506086387
1102,parada1102,-7.114032309674491,-34.832722912448119
1103,parada1103,-7.114121323627391,-34.832739149002848
1104,parada1104,-7.112723262119222,-34.837048863836593
1105,parada1105,-7.112764274851346,-34.837205325752038
1106,parada1106,-7.113950315860499,-34.840014387749569
1107,parada1107,-7.113537954063323,-34.841365441043237
1108,parada1108,-7.116479022799806,-34.840702419180637
1109,parada1109,-7.118739119252634,-34.839037859066309
1110,parada1110,-7.116104601334015,-34.839535630372723
1111,parada1111,-7.111290853228301,-34.839445671263960
1112,parada1112,-7.111162641538259,-34.839512172041360
1113,parada1113,-7.117677232958855,-34.836041533034013
1114,parada1114,-7.145747614105901,-34.908696473025721
1115,parada1115,-7.145929685228786,-34.908939078422421
1116,parada1116,-7.145733278043340,-34.909506382640899
1117,parada1117,-7.145524740457099,-34.909487150132897
1118,parada1118,-7.143738744538874,-34.910260422905282
1119,parada1119,-7.143420251901677,-34.910273718812299
1120,parada1120,-7.141651071141305,-34.911406224838537
1121,parada1121,-7.141585601477341,-34.911314286772829
1122,parada1122,-7.141268346157577,-34.912775336479640
1123,parada1123,-7.140779660326154,-34.912313909453538
1124,parada1124,-7.139319147893606,-34.912907087595912
1125,parada1125,-7.139751025592974,-34.913219779376973
1126,parada1126,-7.139300406857269,-34.914178166975340
1127,parada1127,-7.139000248255263,-34.914184207153397
1128,parada1128,-7.137973335624192,-34.914638097239163
1129,parada1129,-7.137742865477366,-34.914611442629337
1130,parada1130,-7.136491199747484,-34.914532981204736
1131,parada1131,-7.136425760937496,-34.914433714346877
1132,parada1132,-7.135643154662113,-34.912469765673578
1133,parada1133,-7.135482357150765,-34.912414082424171
1134,parada1134,-7.133536131245154,-34.912985100393463
1135,parada1135,-7.133444946125804,-34.912915046819968
1136,parada1136,-7.131610727269012,-34.911663104387443
1137,parada1137,-7.173858997894648,-34.911821367235468
1138,parada1138,-7.173642907544259,-34.912113230113953
1139,parada1139,-7.172447923539759,-34.913030314782979
1140,parada1140,-7.172460368989882,-34.913112197493440
1141,parada1141,-7.176791728957507,-34.914279094913198
1142,parada1142,-7.175084733344057,-34.915865791650432
1143,parada1143,-7.177605484233117,-34.915037378173473
1144,parada1144,-7.175135913134054,-34.917418708346581
1145,parada1145,-7.176580571798337,-34.918975638967147
1146,parada1146,-7.175668622654398,-34.916975638262038
1147,parada1147,-7.177190580242802,-34.918598514904623
1148,parada1148,-7.178250662337663,-34.920794475955041
1149,parada1149,-7.178610380506976,-34.920649983900482
1150,parada1150,-7.180227677339424,-34.920425442099280
1151,parada1151,-7.180101639812765,-34.920666428183999
1152,parada1152,-7.180810630621498,-34.919402548204893
1153,parada1153,-7.180905806819655,-34.919241607581952
1154,parada1154,-7.182100094511549,-34.919331830382959
1155,parada1155,-7.182686258068165,-34.919638283480467
1156,parada1156,-7.183319876415914,-34.919706808174723
1157,parada1157,-7.147635435566325,-34.906689516379522
1158,parada1158,-7.147733722346480,-34.906417122034902
1159,parada1159,-7.150982969509840,-34.902700509747177
1160,parada1160,-7.150846641246648,-34.902290143418178
1161,parada1161,-7.151072311518756,-34.899414125954920
1162,parada1162,-7.151267372565860,-34.899062684517467
1163,parada1163,-7.151684436013595,-34.897181874936138
1164,parada1164,-7.152438963818959,-34.896999708042983
1165,parada1165,-7.154488964808409,-34.894205162819482
1166,parada1166,-7.154416924342825,-34.894046460405889
1167,parada1167,-7.155081379567063,-34.892602143374397
1168,parada1168,-7.155209941381663,-34.892534173343300
1169,parada1169,-7.152002618657653,-34.893638355199933
1170,parada1170,-7.151981625827964,-34.893544082200613
1171,parada1171,-7.153951824630611,-34.897116719937557
1172,parada1172,-7.154009348272536,-34.896740756962970
1173,parada1173,-7.154557817523110,-34.898541133324521
1174,parada1174,-7.154460540102492,-34.898508230865339
1175,parada1175,-7.155882932783078,-34.901761810457302
1176,parada1176,-7.155601433432308,-34.901299463784568
1177,parada1177,-7.157066179880129,-34.904871791557987
1178,parada1178,-7.157242104302211,-34.905012611228628
1179,parada1179,-7.158558690762812,-34.904830890244376
1180,parada1180,-7.158760086794469,-34.904835205536287
1181,parada1181,-7.161122465490868,-34.903500303794232
1182,parada1182,-7.160815887556648,-34.903932630255149
1183,parada1183,-7.159935634034813,-34.900969439552753
1184,parada1184,-7.159927232178253,-34.900645219551357
1185,parada1185,-7.159169677878636,-34.898741204914010
1186,parada1186,-7.159297551313430,-34.898840202820928
1187,parada1187,-7.158399255792538,-34.896881530680687
1188,parada1188,-7.160959374925756,-34.892994565238602
1189,parada1189,-7.161759148466741,-34.890797704652790
1190,parada1190,-7.161628751760425,-34.890786457260013
1191,parada1191,-7.162644617868182,-34.888720207326891
1192,parada1192,-7.160290081494406,-34.892785112417712
1193,parada1193,-7.157812234321931,-34.892981586666210
1194,parada1194,-7.157607567051866,-34.892839461318118
1195,parada1195,-7.156365013443174,-34.896937429518680
1196,parada1196,-7.155479009275197,-34.907641887529287
1197,parada1197,-7.154812817647312,-34.907563230710267
1198,parada1198,-7.159076731634196,-34.906363392969283
1199,parada1199,-7.159342873185400,-34.906165041283543
1200,parada1200,-7.163554370108731,-34.906597098090103
1201,parada1201,-7.163316299547466,-34.906438016129137
1202,parada1202,-7.164284501331263,-34.908088414249733
1203,parada1203,-7.164374009366768,-34.908205513167808
1204,parada1204,-7.165976279147428,-34.908608394782611
1205,parada1205,-7.165620171061655,-34.908582994271796
1206,parada1206,-7.167791862110741,-34.909161989357699
1207,parada1207,-7.168079474256352,-34.909329554279793
1208,parada1208,-7.170950628341473,-34.913068950743892
1209,parada1209,-7.170802694428556,-34.913029258242503
1210,parada1210,-7.169849817048710,-34.911768871035349
1211,parada1211,-7.169706875530669,-34.911753956767399
1212,parada1212,-7.127264524951419,-34.876136934433930
1213,parada1213,-7.126592771030552,-34.872915496398377
1214,parada1214,-7.128539500894772,-34.876383815790142
1215,parada1215,-7.130149080007779,-34.872801296259247
1216,parada1216,-7.128435111306907,-34.871374204800773
1217,parada1217,-7.132114861630700,-34.871379893188170
1218,parada1218,-7.130104699331776,-34.870800231093128
1219,parada1219,-7.132211037769131,-34.871111947298672
1220,parada1220,-7.133327733340001,-34.871532830874443
1221,parada1221,-7.133549893124925,-34.871509480000640
1222,parada1222,-7.134803036232816,-34.872310178004312
1223,parada1223,-7.134948969445096,-34.872296076254408
1224,parada1224,-7.133849070234578,-34.875559418046159
1225,parada1225,-7.134172078516547,-34.875367357245260
1226,parada1226,-7.135162498957225,-34.875925759368918
1227,parada1227,-7.134556662983771,-34.878613415560999
1228,parada1228,-7.136462650435980,-34.879396175475406
1229,parada1229,-7.136887866771252,-34.877720732809522
1230,parada1230,-7.137015347992945,-34.877653041014149
1231,parada1231,-7.137716469141901,-34.874970994408280
1232,parada1232,-7.137582284733877,-34.875104468635023
1233,parada1233,-7.137198765803089,-34.873977328350463
1234,parada1234,-7.137331397055261,-34.873641406314583
1235,parada1235,-7.135932963986292,-34.875350289342009
1236,parada1236,-7.135701708498029,-34.875426419259199
1237,parada1237,-7.137574147565151,-34.881554447839278
1238,parada1238,-7.135907479609624,-34.882289216413007
1239,parada1239,-7.144165963297482,-34.869649676823492
1240,parada1240,-7.144574546005278,-34.869436482821882
1241,parada1241,-7.145901342142655,-34.871171780340461
1242,parada1242,-7.145831902736913,-34.871189732861808
1243,parada1243,-7.146494582647871,-34.872464780556243
1244,parada1244,-7.146698776266310,-34.872491529120893
1245,parada1245,-7.155260598319222,-34.888961950122230
1246,parada1246,-7.153230268152631,-34.888980488573459
1247,parada1247,-7.153306035958592,-34.889074505816360
1248,parada1248,-7.150530089976004,-34.888625230914670
1249,parada1249,-7.150467542456590,-34.888669253577540
1250,parada1250,-7.149170996786877,-34.887854054311347
1251,parada1251,-7.148848298767017,-34.887960278033802
1252,parada1252,-7.147068195789498,-34.886768521048253
1253,parada1253,-7.147143464844262,-34.886702330729428
1254,parada1254,-7.145102367634628,-34.886726221537451
1255,parada1255,-7.145176522941097,-34.886781953975166
1256,parada1256,-7.143336595402058,-34.886894438713639
1257,parada1257,-7.142692146068774,-34.886875663603533
1258,parada1258,-7.142530516350145,-34.885415057375710
1259,parada1259,-7.142071922507363,-34.884872737037163
1260,parada1260,-7.143584506253988,-34.883596566948547
1261,parada1261,-7.140107058046808,-34.888117151557310
1262,parada1262,-7.140307769028633,-34.886785226898219
1263,parada1263,-7.139153139278458,-34.886901610379581
1264,parada1264,-7.120890001527938,-34.888866702842741
1265,parada1265,-7.121946074392435,-34.890386559601993
1266,parada1266,-7.128035038367284,-34.902577721519023
1267,parada1267,-7.127801766243032,-34.901553669745738
1268,parada1268,-7.126803519640845,-34.900884531206259
1269,parada1269,-7.126664603300418,-34.901089212547660
1270,parada1270,-7.125490447963165,-34.899689486468922
1271,parada1271,-7.124618584353409,-34.898035491666683
1272,parada1272,-7.124518133654667,-34.898043456039289
1273,parada1273,-7.123994608962935,-34.890688226666462
1274,parada1274,-7.126855536517207,-34.890469723902008
1275,parada1275,-7.129870156667284,-34.889158762231951
1276,parada1276,-7.129787303642731,-34.886990561537893
1277,parada1277,-7.126282898259020,-34.885521603138109
1278,parada1278,-7.150483299213764,-34.878285034432821
1279,parada1279,-7.150560023137692,-34.878336699007868
1280,parada1280,-7.150113722503384,-34.879790225487803
1281,parada1281,-7.150246225199122,-34.879813626821239
1282,parada1282,-7.151559366411408,-34.881227448521372
1283,parada1283,-7.151742264797784,-34.881286920202498
1284,parada1284,-7.153478998082933,-34.883036269473713
1285,parada1285,-7.153231225038359,-34.882697839219951
1286,parada1286,-7.154719179314641,-34.884046027198657
1287,parada1287,-7.156892865180615,-34.883171308731619
1288,parada1288,-7.156951759862292,-34.883094558854623
1289,parada1289,-7.160683672910023,-34.884375127390463
1290,parada1290,-7.160727879825112,-34.884239756905892
1291,parada1291,-7.163433494607567,-34.882875358877911
1292,parada1292,-7.163343003563249,-34.882881710936573
1293,parada1293,-7.163688705950753,-34.881387187184558
1294,parada1294,-7.163638219914221,-34.881190759312851
1295,parada1295,-7.163564954529025,-34.880293606986207
1296,parada1296,-7.167082094772708,-34.882050353098109
1297,parada1297,-7.166991363784874,-34.881840901595687
1298,parada1298,-7.168726291633752,-34.880439483836582
1299,parada1299,-7.168923382457484,-34.879725017951287
1300,parada1300,-7.169350659624577,-34.876202060000971
1301,parada1301,-7.169386023511318,-34.876542226002890
1302,parada1302,-7.169714980852595,-34.873378805164002
1303,parada1303,-7.169972166575191,-34.871638911754367
1304,parada1304,-7.170062302217495,-34.871747957067193
1305,parada1305,-7.166892591101096,-34.871245311546268
1306,parada1306,-7.166743983643462,-34.871264180112370
1307,parada1307,-7.168686854582274,-34.869417001527111
1308,parada1308,-7.168474849046997,-34.869505149921963
1309,parada1309,-7.166542243379725,-34.871933710189388
1310,parada1310,-7.165306649063004,-34.871081977731201
1311,parada1311,-7.165304185737575,-34.870783785799709
1312,parada1312,-7.164044353140211,-34.869560163609243
1313,parada1313,-7.164073192539928,-34.869703840314124
1314,parada1314,-7.165135856862278,-34.873293724166537
1315,parada1315,-7.165238813417405,-34.873294135071930
1316,parada1316,-7.164597006549702,-34.875599663989483
1317,parada1317,-7.164673835854146,-34.875695680864482
1318,parada1318,-7.164231267480925,-34.878730891086363
1319,parada1319,-7.164018378586121,-34.879539899526883
1320,parada1320,-7.162144418565701,-34.879734024671599
1321,parada1321,-7.162671465854222,-34.879843594140070
1322,parada1322,-7.160321949964792,-34.878856376119749
1323,parada1323,-7.159604575540750,-34.878579250914903
1324,parada1324,-7.157966647148718,-34.877915009923008
1325,parada1325,-7.155057514261052,-34.878547136532568
1326,parada1326,-7.155083107903358,-34.878392783584779
1327,parada1327,-7.152862216195338,-34.876021000798033
1328,parada1328,-7.152167009591055,-34.876599436416868
1329,parada1329,-7.150508344833679,-34.876533551000023
1330,parada1330,-7.158620012419401,-34.878098950349333
1331,parada1331,-7.153941271854397,-34.874821126985857
1332,parada1332,-7.154121009172401,-34.874749995072968
1333,parada1333,-7.147010651457987,-34.875647582155153
1334,parada1334,-7.146900013889256,-34.875547070293649
1335,parada1335,-7.148015817315835,-34.876963590509177
1336,parada1336,-7.148021033177637,-34.877046423602650
1337,parada1337,-7.150624366735380,-34.876310872155287
1338,parada1338,-7.150880582205946,-34.871018712896841
1339,parada1339,-7.151233035982559,-34.870990572328381
1340,parada1340,-7.153594233530302,-34.870242793539411
1341,parada1341,-7.153673574268521,-34.870129601511252
1342,parada1342,-7.148792738048160,-34.871799700518991
1343,parada1343,-7.148536493559568,-34.871801094948182
1344,parada1344,-7.156888165593805,-34.869175617056150
1345,parada1345,-7.156718293788075,-34.869145291097070
1346,parada1346,-7.158750587962192,-34.868080371585940
1347,parada1347,-7.158955327562754,-34.868019556239481
1348,parada1348,-7.159807053912916,-34.866416899255967
1349,parada1349,-7.159822379414169,-34.866276365086676
1350,parada1350,-7.160526179519301,-34.865412125542782
1351,parada1351,-7.160541986996956,-34.865272291025839
1352,parada1352,-7.162382205163689,-34.865166667027310
1353,parada1353,-7.162121343055242,-34.865076819156030
1354,parada1354,-7.164345339692815,-34.863526623856323
1355,parada1355,-7.164715862352029,-34.863303618548123
1356,parada1356,-7.174754690398251,-34.928286944738417
1357,parada1357,-7.175077895195314,-34.928060012080557
1358,parada1358,-7.175990426004613,-34.926493191404120
1359,parada1359,-7.175890742614770,-34.926340576046663
1360,parada1360,-7.176797189047162,-34.924773722465673
1361,parada1361,-7.176875392130199,-34.924997757078792
1362,parada1362,-7.177979846109380,-34.923077524394870
1363,parada1363,-7.177703593481818,-34.923215993381298
1364,parada1364,-7.173117194402495,-34.901906599023590
1365,parada1365,-7.171080022097458,-34.904167515785332
1366,parada1366,-7.172910342472546,-34.901944674744229
1367,parada1367,-7.174218697047067,-34.907150543337274
1368,parada1368,-7.174212981663525,-34.907271239061323
1369,parada1369,-7.176990227241480,-34.908143491196562
1370,parada1370,-7.188372808716978,-34.911594033354369
1371,parada1371,-7.188905044967366,-34.911940784610820
1372,parada1372,-7.185107472857581,-34.910578364160678
1373,parada1373,-7.184647300940275,-34.910569476451244
1374,parada1374,-7.180893056128644,-34.908769528862003
1375,parada1375,-7.180748841041100,-34.908810059534261
1376,parada1376,-7.181246208439334,-34.906559131730020
1377,parada1377,-7.176984529300427,-34.908025532283233
1378,parada1378,-7.171282345905006,-34.906341927421423
1379,parada1379,-7.171623614664152,-34.906343407997760
1380,parada1380,-7.171029560453408,-34.904040783911007
1381,parada1381,-7.179102542907659,-34.905927697446167
1382,parada1382,-7.121584977318581,-34.880089260060643
1383,parada1383,-7.118219581718994,-34.866159617770137
1384,parada1384,-7.176223643475299,-34.866728345942583
1385,parada1385,-7.117829966448511,-34.869861308635940
1386,parada1386,-7.179135465178335,-34.886110467891598
1387,parada1387,-7.174282994303382,-34.833037327430397
1388,parada1388,-7.092042031414324,-34.847992719146902
1389,parada1389,-7.171859043053755,-34.886168524270538
1390,parada1390,-7.182539017932224,-34.877129024025898
1391,parada1391,-7.183011121574904,-34.878810807594043
1392,parada1392,-7.178593567619767,-34.877151640049533
1393,parada1393,-7.181406562428017,-34.879627610178737
1394,parada1394,-7.146849493900270,-34.847978731737669
1395,parada1395,-7.133524744392091,-34.881799076842277
1396,parada1396,-7.167919987770912,-34.830730638307067
1397,parada1397,-7.118869876206690,-34.841400895261692
1398,parada1398,-7.106394456971123,-34.829663130641677
1399,parada1399,-7.208623142613251,-34.835863267814403
1400,parada1400,-7.128839727576255,-34.901508514843997
1401,parada1401,-7.128964399082458,-34.901292766483969
1402,parada1402,-7.186727877089114,-34.856068113906368
1403,parada1403,-7.122277754728038,-34.879626250577417
1404,parada1404,-7.124494081394712,-34.879673878119100
1405,parada1405,-7.172196515494003,-34.838851532005229
1406,parada1406,-7.143423452172034,-34.845676692898543
1407,parada1407,-7.151396717524436,-34.845611453470532
1408,parada1408,-7.118345050725562,-34.841898843703611
1409,parada1409,-7.098923322518027,-34.866028146926958
1410,parada1410,-7.107369166492390,-34.874493161613167
1411,parada1411,-7.092308986194289,-34.846752102632230
1412,parada1412,-7.149254262363018,-34.842554502356727
1413,parada1413,-7.170375488910246,-34.885483378369173
1414,parada1414,-7.182845128078207,-34.881367574210778
1415,parada1415,-7.124591777828142,-34.836657632261748
1416,parada1416,-7.100988291156002,-34.846492361975628
1417,parada1417,-7.162130641653372,-34.889860594033337
1418,parada1418,-7.174131295483583,-34.929773821568183
1419,parada1419,-7.100583678097959,-34.857667241048397
1420,parada1420,-7.177692600910939,-34.856759302202477
1421,parada1421,-7.175226903920461,-34.859044020176150
1422,parada1422,-7.176456858045472,-34.854366320194771
1423,parada1423,-7.177980040870504,-34.853013908264607
1424,parada1424,-7.097619230079144,-34.841327140948387
1425,parada1425,-7.097441959038636,-34.836592390590880
1426,parada1426,-7.096813481585428,-34.836351135050933
1427,parada1427,-7.180239560810024,-34.877180774495507
1428,parada1428,-7.130159504117059,-34.875495204279289
1429,parada1429,-7.168441286305922,-34.828762787620597
1430,parada1430,-7.164233662531220,-34.828780024150149
1431,parada1431,-7.135672011190628,-34.833257097887049
1432,parada1432,-7.178773593526099,-34.892490499391933
1433,parada1433,-7.185162999041474,-34.876492417887768
1434,parada1434,-7.180345970715964,-34.829502573177862
1435,parada1435,-7.166224807793964,-34.857619446885067
1436,parada1436,-7.181383658440994,-34.818561999625700
1437,parada1437,-7.180212461664994,-34.820091540598661
1438,parada1438,-7.179223338467946,-34.821559538193057
1439,parada1439,-7.177462832455552,-34.821874421803393
1440,parada1440,-7.196065881908777,-34.867101222368937
1441,parada1441,-7.197788672429849,-34.865574294433031
1442,parada1442,-7.197002106760168,-34.868225763025343
1443,parada1443,-7.199125710499540,-34.866558799533507
1444,parada1444,-7.201632274690770,-34.865651257858190
1445,parada1445,-7.113721535815425,-34.842268878447143
1446,parada1446,-7.134364050372164,-34.851646159663368
1447,parada1447,-7.092057488648465,-34.848453675274740
1448,parada1448,-7.090673621228898,-34.848063833332652
1449,parada1449,-7.087664512127805,-34.848277862692818
1450,parada1450,-7.084804339702555,-34.846105955096327
1451,parada1451,-7.207252577320413,-34.841818406521099
1452,parada1452,-7.209438382942514,-34.841815405082151
1453,parada1453,-7.211006902494108,-34.841798091085082
1454,parada1454,-7.212207999192401,-34.840575725742468
1455,parada1455,-7.202052112360843,-34.853838511105117
1456,parada1456,-7.202274678539274,-34.853685769250497
1457,parada1457,-7.198799619463829,-34.798716697274720
1458,parada1458,-7.191445555015715,-34.912715043413833
1459,parada1459,-7.191091536872402,-34.914667596406773
1460,parada1460,-7.191381511448630,-34.914758843726837
1461,parada1461,-7.191351601031879,-34.912535374430107
1462,parada1462,-7.189695979522486,-34.917500610982877
1463,parada1463,-7.185177278244166,-34.919205610464758
1464,parada1464,-7.180439968418561,-34.853775260383877
1465,parada1465,-7.179113164876411,-34.852354782692473
1466,parada1466,-7.176220268799312,-34.858116162488720
1467,parada1467,-7.102792753971385,-34.845517155345533
1468,parada1468,-7.076633721141052,-34.841292820953953
1469,parada1469,-7.073001003466892,-34.843358258894092
1470,parada1470,-7.071297592703123,-34.843779793424829
1471,parada1471,-7.155864488265427,-34.827234147933417
1472,parada1472,-7.155974948831923,-34.830558764951768
1473,parada1473,-7.154299328851525,-34.826598535529683
1474,parada1474,-7.153210323564045,-34.831815661542358
1475,parada1475,-7.153272683129973,-34.833747114502863
1476,parada1476,-7.153334922086704,-34.835522273748651
1477,parada1477,-7.182383620396627,-34.828415107498827
1478,parada1478,-7.182420460626623,-34.826382420763949
1479,parada1479,-7.159272254108378,-34.796696387011828
1480,parada1480,-7.211944091966904,-34.839380353817951
1481,parada1481,-7.129977051252650,-34.824677163312643
1482,parada1482,-7.153189075634448,-34.833945277235820
1483,parada1483,-7.213123665238522,-34.837134483601922
1484,parada1484,-7.092346012767382,-34.846896846903782
1485,parada1485,-7.094824817733956,-34.847789525631420
1486,parada1486,-7.095142397008551,-34.848136068381663
1487,parada1487,-7.101144168795868,-34.840574138956910
1488,parada1488,-7.098669780610591,-34.839981897633720
1489,parada1489,-7.097600148857486,-34.839023435029951
1490,parada1490,-7.146436584873231,-34.803917666789957
1491,parada1491,-7.175447206828584,-34.911726658563737
1492,parada1492,-7.175324578888418,-34.911383835237210
1493,parada1493,-7.121150546906336,-34.872173292494622
1494,parada1494,-7.180455759855212,-34.880534721516540
1495,parada1495,-7.185594717390768,-34.882887956648858
1496,parada1496,-7.149912694889534,-34.845479842668773
1497,parada1497,-7.172431995923770,-34.862890424558721
1498,parada1498,-7.170219500855283,-34.861097736876147
1499,parada1499,-7.169504390390530,-34.857571135905182
1500,parada1500,-7.169633735762398,-34.857813748790022
1501,parada1501,-7.071014627030172,-34.835204679354597
1502,parada1502,-7.066183915202156,-34.840328406157703
1503,parada1503,-7.170861329911626,-34.871530473747548
1504,parada1504,-7.174124390121852,-34.835411477419761
1505,parada1505,-7.173932997784699,-34.835076892172133
1506,parada1506,-7.172243704119206,-34.836981112068720
1507,parada1507,-7.198461351859342,-34.861679844605227
1508,parada1508,-7.135158613700223,-34.877394550342864
1509,parada1509,-7.125181398857678,-34.889011906279777
1510,parada1510,-7.128268100810658,-34.886048958413546
1511,parada1511,-7.198109125923464,-34.887044569244473
1512,parada1512,-7.198056666225124,-34.886875116429628
1513,parada1513,-7.084788556237216,-34.843636278122737
1514,parada1514,-7.184269562261996,-34.890504399387538
1515,parada1515,-7.184461157603704,-34.888549458634188
1516,parada1516,-7.091930278081684,-34.834443066742843
1517,parada1517,-7.212640603755311,-34.848573252841327
1518,parada1518,-7.212813485244876,-34.848424446296242
1519,parada1519,-7.112126031645382,-34.879683484935804
1520,parada1520,-7.112807010511736,-34.878349863612840
1521,parada1521,-7.114059208916760,-34.881009610415788
1522,parada1522,-7.112383550009797,-34.880817414888398
1523,parada1523,-7.112662451442493,-34.884269337263042
1524,parada1524,-7.113999708409104,-34.886833913195083
1525,parada1525,-7.187764569931979,-34.883849632870799
1526,parada1526,-7.189070769943805,-34.884107319747443
1527,parada1527,-7.190860505170757,-34.884285897923370
1528,parada1528,-7.109708281223686,-34.830220389470320
1529,parada1529,-7.163553638926268,-34.833512224427317
1530,parada1530,-7.164041906277020,-34.831815364302770
1531,parada1531,-7.129144714073912,-34.828100982511003
1532,parada1532,-7.156903050317643,-34.818902915346818
1533,parada1533,-7.156915807934765,-34.819124793083589
1534,parada1534,-7.164356462047950,-34.860290700263448
1535,parada1535,-7.164074493776506,-34.860425158192740
1536,parada1536,-7.180448266006949,-34.860896160738278
1537,parada1537,-7.184181657111562,-34.875206393233057
1538,parada1538,-7.162645044068450,-34.860836981835043
1539,parada1539,-7.162751685640569,-34.861018835159378
1540,parada1540,-7.161123602390857,-34.859958635848287
1541,parada1541,-7.161104708043887,-34.860042341378993
1542,parada1542,-7.153122937365121,-34.829013623673291
1543,parada1543,-7.153078212874832,-34.829285247868633
1544,parada1544,-7.117439809104306,-34.843394013697839
1545,parada1545,-7.165090537024325,-34.798060805758041
1546,parada1546,-7.160490233366385,-34.808205101238173
1547,parada1547,-7.101560430915641,-34.864857409619532
1548,parada1548,-7.131661921978496,-34.849014825559280
1549,parada1549,-7.177416946804087,-34.827078028419258
1550,parada1550,-7.155670544539414,-34.854742303530799
1551,parada1551,-7.208669071619700,-34.836161612708310
1552,parada1552,-7.207759137491188,-34.834532009697718
1553,parada1553,-7.092517441988079,-34.860549725857140
1554,parada1554,-7.094495173635412,-34.860781795680332
1555,parada1555,-7.096562007254987,-34.860860568197452
1556,parada1556,-7.179026182654540,-34.839651641126487
1557,parada1557,-7.179134220387636,-34.840501400898347
1558,parada1558,-7.117987621922917,-34.875214941300293
1559,parada1559,-7.117448089958113,-34.844937792319143
1560,parada1560,-7.212578472329467,-34.841292165073000
1561,parada1561,-7.217750326982572,-34.836377912035452
1562,parada1562,-7.217971478018081,-34.836223569236587
1563,parada1563,-7.216456448548596,-34.842385666579140
1564,parada1564,-7.216321000209507,-34.842493274836848
1565,parada1565,-7.214941824085839,-34.841962774102207
1566,parada1566,-7.213958258996853,-34.846179014000697
1567,parada1567,-7.219725003465087,-34.846032391478488
1568,parada1568,-7.213116095953843,-34.842005377871338
1569,parada1569,-7.193887360791564,-34.913343856027588
1570,parada1570,-7.123289937502301,-34.889880197389203
1571,parada1571,-7.185992483268556,-34.883302458911878
1572,parada1572,-7.196831044965079,-34.883371126158863
1573,parada1573,-7.198076189102442,-34.881476421018938
1574,parada1574,-7.199750863212960,-34.881349960493417
1575,parada1575,-7.201033762721450,-34.882658643991547
1576,parada1576,-7.202513311389613,-34.883994477539417
1577,parada1577,-7.202455454275277,-34.884103757543841
1578,parada1578,-7.203620581926672,-34.884432320227781
1579,parada1579,-7.205070766402232,-34.883037740361793
1580,parada1580,-7.206451991323420,-34.881657411745721
1581,parada1581,-7.208207126924322,-34.879862614118018
1582,parada1582,-7.110949111717455,-34.834039717178229
1583,parada1583,-7.068638409227037,-34.844447834448260
1584,parada1584,-7.136532719076359,-34.850031375482097
1585,parada1585,-7.085047920174007,-34.843916799954648
1586,parada1586,-7.084439821602892,-34.845981138577322
1587,parada1587,-7.080841738640867,-34.831350635262638
1588,parada1588,-7.182052632174694,-34.837836915818372
1589,parada1589,-7.104364457646162,-34.845434080776329
1590,parada1590,-7.106061635764630,-34.843909221057118
1591,parada1591,-7.110014306258284,-34.843132779686243
1592,parada1592,-7.109975260583923,-34.842921798359669
1593,parada1593,-7.199273957413106,-34.861520194789577
1594,parada1594,-7.177755003175741,-34.878088730102007
1595,parada1595,-7.148477486062833,-34.848728025953008
1596,parada1596,-7.152175230422231,-34.851577538520722
1597,parada1597,-7.149366456472941,-34.846300448383637
1598,parada1598,-7.152000514531235,-34.844542301781743
1599,parada1599,-7.149135523599607,-34.850536576515729
1600,parada1600,-7.119835150716026,-34.855724488159417
1601,parada1601,-7.099932556330815,-34.869993006021232
1602,parada1602,-7.099276957775630,-34.868275179745162
1603,parada1603,-7.099534429367455,-34.866212593468511
1604,parada1604,-7.114613136511273,-34.854449742660172
1605,parada1605,-7.114335086876997,-34.849521579592377
1606,parada1606,-7.146140142656928,-34.848154419824702
1607,parada1607,-7.110180251520215,-34.843255909159019
1608,parada1608,-7.107361214314751,-34.845442359375753
1609,parada1609,-7.107068942369517,-34.843896240256349
1610,parada1610,-7.105261400480912,-34.845043520855057
1611,parada1611,-7.110499449118732,-34.847180160243489
1612,parada1612,-7.172038309053027,-34.894379067112922
1613,parada1613,-7.172638028844132,-34.891851486051593
1614,parada1614,-7.173159667115479,-34.889713867697999
1615,parada1615,-7.173304174665749,-34.888189013189418
1616,parada1616,-7.173211604379787,-34.895270588657887
1617,parada1617,-7.178811619466524,-34.869184543484863
1618,parada1618,-7.176626443225183,-34.868892326197717
1619,parada1619,-7.182492923250237,-34.871423754480631
1620,parada1620,-7.100378984396873,-34.854988326691533
1621,parada1621,-7.099130524658294,-34.854466191567553
1622,parada1622,-7.151814195387296,-34.809177296728620
1623,parada1623,-7.134882150864446,-34.828693345554107
1624,parada1624,-7.133168286462855,-34.829156948596527
1625,parada1625,-7.084661980208492,-34.845646584102909
1626,parada1626,-7.163067090668688,-34.834043966765051
1627,parada1627,-7.160599992733177,-34.872510040513014
1628,parada1628,-7.160628908005956,-34.874784529387149
1629,parada1629,-7.164864471012286,-34.880705737423717
1630,parada1630,-7.165061376088036,-34.880889676287040
1631,parada1631,-7.117622382467282,-34.889800417794589
1632,parada1632,-7.131802148145728,-34.840608133962483
1633,parada1633,-7.131931740758734,-34.840533817473030
1634,parada1634,-7.170815717120598,-34.888101776608522
1635,parada1635,-7.170778788381698,-34.889349080261589
1636,parada1636,-7.169041552682200,-34.889703153316091
1637,parada1637,-7.168881223769921,-34.889642939439462
1638,parada1638,-7.161891363150088,-34.873779355550433
1639,parada1639,-7.182801960422811,-34.935987049107283
1640,parada1640,-7.182090677548124,-34.936970981813793
1641,parada1641,-7.182832944025693,-34.938797823701591
1642,parada1642,-7.183803810830211,-34.937235699098672
1643,parada1643,-7.075710788353586,-34.831611511147287
1644,parada1644,-7.205946788806422,-34.842863034760519
1645,parada1645,-7.204621475805799,-34.848154256791886
1646,parada1646,-7.190740437362121,-34.884198079659988
1647,parada1647,-7.179614756658236,-34.899824581363468
1648,parada1648,-7.123118070544339,-34.884522592532271
1649,parada1649,-7.186892284819066,-34.873752191326673
1650,parada1650,-7.186968924128686,-34.873613044269163
1651,parada1651,-7.187662771440438,-34.872151365275897
1652,parada1652,-7.187450694829571,-34.872595815160089
1653,parada1653,-7.186699896877818,-34.869138783940933
1654,parada1654,-7.182720480996233,-34.865599108501463
1655,parada1655,-7.183547925613735,-34.864312282170197
1656,parada1656,-7.185138908007199,-34.864089065631667
1657,parada1657,-7.185339703430766,-34.862418023576410
1658,parada1658,-7.185679968578464,-34.863787078426000
1659,parada1659,-7.186880299725312,-34.865018563834390
1660,parada1660,-7.186092366356593,-34.866586811623428
1661,parada1661,-7.172216346506191,-34.863303443364551
1662,parada1662,-7.166768452591227,-34.860071734764936
1663,parada1663,-7.197468912917564,-34.834470693397243
1664,parada1664,-7.196831230241655,-34.834458519270527
1665,parada1665,-7.194834598625273,-34.838327913208573
1666,parada1666,-7.195030102916721,-34.838082509467093
1667,parada1667,-7.217705341977982,-34.809815124135802
1668,parada1668,-7.192452054178313,-34.885082825115887
1669,parada1669,-7.192499587300374,-34.885390567967150
1670,parada1670,-7.127233734333804,-34.881340168141087
1671,parada1671,-7.138594237597448,-34.851040324295397
1672,parada1672,-7.182680999340242,-34.892436470131379
1673,parada1673,-7.198915620566587,-34.883698034996968
1674,parada1674,-7.199396329002477,-34.856308880958572
1675,parada1675,-7.199309007663937,-34.855897684266502
1676,parada1676,-7.200620383193953,-34.859049143903754
1677,parada1677,-7.200778645991897,-34.859132426520468
1678,parada1678,-7.215041820262845,-34.836197056465068
1679,parada1679,-7.205188220781315,-34.840621692026147
1680,parada1680,-7.209900901513731,-34.840114213971908
1681,parada1681,-7.209705678430275,-34.840331979737563
1682,parada1682,-7.155870190271666,-34.830223984867253
1683,parada1683,-7.155784278581596,-34.827391635139747
1684,parada1684,-7.154554903100356,-34.826681586074933
1685,parada1685,-7.164249860419678,-34.828486415224930
1686,parada1686,-7.156247539112843,-34.853012980288973
1687,parada1687,-7.156080803654237,-34.852739588190978
1688,parada1688,-7.155851929042253,-34.854418569737497
1689,parada1689,-7.157308004144289,-34.857750506881921
1690,parada1690,-7.140247248749988,-34.818798712384563
1691,parada1691,-7.140247248749988,-34.818798712384563
1692,parada1692,-7.140247248749988,-34.818798712384563
1693,parada1693,-7.140247248749988,-34.818798712384563
1694,parada1694,-7.139954093944884,-34.816605352372427
1695,parada1695,-7.139954093944884,-34.816605352372427
1696,parada1696,-7.145432378702261,-34.830787553501089
1697,parada1697,-7.146724946542995,-34.830669245868847
1698,parada1698,-7.177937887752916,-34.836773262456227
1699,parada1699,-7.177613391775788,-34.913877579140930
1700,parada1700,-7.177047401247893,-34.913516378533899
1701,parada1701,-7.180047412888857,-34.914871382273930
1702,parada1702,-7.179862660912294,-34.915150929818267
1703,parada1703,-7.183725431060425,-34.913146640853952
1704,parada1704,-7.183465036863049,-34.912848179268039
1705,parada1705,-7.178925286508838,-34.920482248387927
1706,parada1706,-7.144842365551849,-34.840805185011092
1707,parada1707,-7.113927936121591,-34.824423669942099
1708,parada1708,-7.074395134228352,-34.834614667363567
1709,parada1709,-7.075150187939241,-34.836861781835132
1710,parada1710,-7.073397205113645,-34.838399172019287
1711,parada1711,-7.071051955679679,-34.839015977151320
1712,parada1712,-7.068851611820049,-34.839194294785727
1713,parada1713,-7.112514324320563,-34.839456707433129
1714,parada1714,-7.152485644840141,-34.846768273091868
1715,parada1715,-7.147848445359763,-34.845735221289416
1716,parada1716,-7.182252978697005,-34.934315320881169
1717,parada1717,-7.181198552825424,-34.933350429016848
1718,parada1718,-7.181253902585707,-34.933555443850857
1719,parada1719,-7.178736819105041,-34.933134651627533
1720,parada1720,-7.177015261799067,-34.932788957976250
1721,parada1721,-7.177234509320359,-34.929459522808138
1722,parada1722,-7.178357621822940,-34.927573810811978
1723,parada1723,-7.180707246770584,-34.927886925947099
1724,parada1724,-7.179537058125795,-34.926287579353620
1725,parada1725,-7.095522199426030,-34.835683132114077
1726,parada1726,-7.100966385762897,-34.859409088709093
1727,parada1727,-7.100249138707498,-34.834210257564322
1728,parada1728,-7.125979809789581,-34.883316339583203
1729,parada1729,-7.125979808326028,-34.883316698809033
1730,parada1730,-7.126176073250214,-34.880146197754343
1731,parada1731,-7.126505830809765,-34.877927960709080
1732,parada1732,-7.128460622118276,-34.876588132266207
1733,parada1733,-7.130279951770859,-34.871685487186717
1734,parada1734,-7.136603385382406,-34.879298456398537
1735,parada1735,-7.153417607601127,-34.885262190580413
1736,parada1736,-7.076313552351951,-34.836184650531557
1737,parada1737,-7.076268973200435,-34.836327197430350
1738,parada1738,-7.198410515531800,-34.874047992158999
1739,parada1739,-7.196187882901510,-34.874199351701819
1740,parada1740,-7.195350445198493,-34.873092499112687
1741,parada1741,-7.199670308712511,-34.878895669708989
1742,parada1742,-7.199485416944180,-34.878773947526689
1743,parada1743,-7.203530218483851,-34.872489521194879
1744,parada1744,-7.205522076002500,-34.872078489140073
1745,parada1745,-7.205843709440426,-34.873414531180380
1746,parada1746,-7.208292909619657,-34.872442005456627
1747,parada1747,-7.207302050356999,-34.873508057179279
1748,parada1748,-7.207361950298103,-34.870927688057122
1749,parada1749,-7.204182544766934,-34.871821107291360
1750,parada1750,-7.204716412603361,-34.871797216899878
1751,parada1751,-7.201748138362731,-34.870011905828648
1752,parada1752,-7.200145834415769,-34.870176173853473
1753,parada1753,-7.200246689220063,-34.870257787270234
1754,parada1754,-7.201414847475190,-34.870136151191439
1755,parada1755,-7.179953151030583,-34.877291891260441
1756,parada1756,-7.181349653995474,-34.877299606101708
1757,parada1757,-7.173865635568473,-34.882595483260211
1758,parada1758,-7.172830284130299,-34.884280109746143
1759,parada1759,-7.172587272972524,-34.886487170688447
1760,parada1760,-7.200911252799060,-34.864323658060783
1761,parada1761,-7.201972698074346,-34.859058793992801
1762,parada1762,-7.206054821473702,-34.855518588594833
1763,parada1763,-7.113461113875695,-34.846643126692143
1764,parada1764,-7.154635110296446,-34.795248188366678
1765,parada1765,-7.156903960050626,-34.795910838442957
1766,parada1766,-7.178533734521435,-34.914725531181290
1767,parada1767,-7.154398336303856,-34.852250622753168
1768,parada1768,-7.203222486015152,-34.863552461993358
1769,parada1769,-7.203639036193527,-34.864896848011881
1770,parada1770,-7.202757462266007,-34.863649721358478
1771,parada1771,-7.199767918334592,-34.835746422837367
1772,parada1772,-7.199784894150778,-34.835569715926972
1773,parada1773,-7.213681492375970,-34.830558419230982
1774,parada1774,-7.206669148868200,-34.826325176986337
1775,parada1775,-7.177609076807678,-34.830367477503422
1776,parada1776,-7.200548910913909,-34.865680615877750
1777,parada1777,-7.201711922868307,-34.865298659135789
1778,parada1778,-7.203144112828004,-34.864934918493468
1779,parada1779,-7.204165114663716,-34.862999997541650
1780,parada1780,-7.204382106740567,-34.863485425077450
1781,parada1781,-7.112655095634983,-34.839135360633946
1782,parada1782,-7.158948143428150,-34.873694613046297
1783,parada1783,-7.069019692893802,-34.844244483224408
1784,parada1784,-7.071081241088589,-34.843718623316761
1785,parada1785,-7.072544580162806,-34.843366822455280
1786,parada1786,-7.074665187197073,-34.842799042596752
1787,parada1787,-7.074496132392333,-34.842973661564301
1788,parada1788,-7.076579813899090,-34.841584394789201
1789,parada1789,-7.132992979057214,-34.878507912041982
1790,parada1790,-7.159570015135514,-34.83435541391373